[[0,1],
[1,2],
[0,3],
[3,4],
[4,5],
[4,6],
[4,7],
[4,8],
[4,9],
[4,10],
[4,11],
[4,12],
[4,13],
[4,14],
[4,15],
[4,16],
[4,17],
[4,18],
[4,19],
[4,20],
[3,21],
[3,22],
[3,23],
[3,24],
[3,25],
[3,26],
[26,27],
[26,28],
[3,29],
[29,30],
[29,31],
[3,32],
[3,33],
[0,34],
[34,35],
[34,36],
[34,37],
[34,38],
[34,39],
[34,40],
[0,41],
[41,42],
[42,43],
[42,44],
[42,45],
[42,46],
[42,47],
[42,48],
[42,49],
[42,50],
[42,51],
[42,52],
[42,53],
[42,54],
[42,55],
[42,56],
[42,57],
[42,58],
[41,59],
[41,60],
[60,61],
[60,62],
[41,63],
[41,64],
[41,65],
[41,66],
[41,67],
[41,68],
[41,69],
[0,70],
[70,71],
[70,72],
[70,73],
[70,74],
[70,75],
[70,76],
[70,77],
[70,78],
[0,79],
[79,80],
[79,81],
[79,82],
[82,83],
[82,84],
[82,85],
[82,86],
[82,87],
[82,88],
[82,89],
[79,90],
[79,91],
[91,92],
[91,93],
[91,94],
[91,95],
[91,96],
[79,97],
[97,98],
[97,99],
[97,100],
[97,101],
[97,102],
[79,103],
[79,104],
[104,105],
[104,106],
[104,107],
[104,108],
[79,109],
[109,110],
[109,111],
[109,112],
[79,113],
[113,114],
[113,115],
[113,116],
[113,117],
[113,118],
[113,119],
[113,120],
[113,121],
[113,122],
[113,123],
[113,124],
[113,125],
[113,126],
[113,127],
[113,128],
[113,129],
[0,130],
[130,131],
[130,132],
[130,133],
[130,134],
[130,135],
[130,136],
[130,137],
[130,138],
[130,139],
[130,140],
[130,141],
[130,142],
[130,143],
[130,144],
[130,145],
[130,146],
[130,147],
[130,148],
[130,149],
[130,150],
[130,151],
[130,152],
[130,153],
[130,154],
[130,155],
[130,156],
[130,157],
[130,158],
[130,159],
[130,160],
[130,161],
[130,162],
[130,163],
[130,164],
[130,165],
[130,166],
[130,167],
[0,168],
[168,169],
[169,170],
[169,171],
[169,172],
[169,173],
[168,174],
[174,175],
[174,176],
[174,177],
[174,178],
[174,179],
[168,180],
[180,181],
[180,182],
[180,183],
[180,184],
[168,185],
[185,186],
[185,187],
[185,188],
[185,189],
[185,190],
[185,191],
[185,192],
[185,193],
[185,194],
[185,195],
[168,196],
[196,197],
[196,198],
[196,199],
[168,200],
[200,201],
[200,202],
[200,203],
[200,204],
[168,205],
[205,206],
[205,207],
[205,208],
[168,209],
[209,210],
[209,211],
[209,212],
[209,213],
[209,214],
[168,215],
[215,216],
[215,217],
[215,218],
[215,219],
[168,220],
[220,221],
[220,222],
[220,223],
[220,224],
[220,225],
[220,226],
[220,227],
[220,228],
[220,229],
[220,230],
[220,231],
[220,232],
[220,233],
[220,234],
[220,235],
[220,236],
[0,237],
[237,238],
[237,239],
[237,240],
[237,241],
[237,242],
[237,243],
[237,244],
[237,245],
[237,246],
[237,247],
[237,248],
[237,249],
[237,250],
[237,251],
[237,252],
[237,253],
[237,254],
[237,255],
[237,256],
[237,257],
[237,258],
[237,259],
[237,260],
[237,261],
[237,262],
[237,263],
[237,264],
[237,265],
[0,266],
[266,267],
[266,268],
[266,269],
[266,270],
[266,271],
[266,272],
[266,273],
[266,274],
[266,275],
[266,276]
]