[[0,1],
[1,2],
[0,3],
[3,4],
[3,5],
[3,6],
[6,7],
[6,8],
[3,9],
[3,10],
[10,11],
[10,12],
[3,13],
[13,14],
[13,15],
[3,16],
[16,17],
[16,18],
[16,19],
[3,20],
[20,21],
[20,22],
[20,23],
[3,24],
[3,25],
[25,26],
[25,27],
[25,28],
[25,29],
[25,30],
[25,31],
[25,32],
[25,33],
[25,34],
[25,35],
[25,36],
[25,37],
[25,38],
[25,39],
[25,40],
[25,41],
[0,42],
[42,43],
[42,44],
[42,45],
[42,46],
[42,47],
[42,48],
[42,49],
[42,50],
[42,51],
[42,52],
[42,53],
[42,54],
[42,55],
[42,56],
[42,57],
[42,58],
[42,59],
[42,60],
[42,61],
[42,62],
[42,63],
[42,64],
[42,65],
[42,66],
[42,67],
[42,68],
[42,69],
[42,70],
[42,71],
[42,72],
[42,73],
[42,74],
[42,75],
[42,76],
[42,77],
[0,78],
[78,79],
[78,80],
[78,81],
[78,82],
[78,83],
[78,84],
[84,85],
[84,86],
[84,87],
[84,88],
[78,89],
[78,90],
[78,91],
[91,92],
[91,93],
[91,94],
[91,95],
[91,96],
[78,97],
[97,98],
[97,99],
[97,100],
[97,101],
[97,102],
[97,103],
[97,104],
[97,105],
[97,106],
[97,107],
[97,108],
[97,109],
[97,110],
[97,111],
[97,112],
[97,113],
[0,114],
[114,115],
[114,116],
[114,117],
[114,118],
[114,119],
[114,120],
[114,121],
[114,122],
[114,123],
[114,124],
[114,125],
[114,126],
[114,127],
[114,128],
[114,129],
[114,130],
[114,131],
[114,132],
[114,133],
[114,134],
[114,135],
[114,136],
[114,137],
[114,138],
[114,139],
[114,140],
[114,141],
[114,142],
[114,143],
[114,144],
[114,145],
[114,146],
[114,147],
[114,148],
[114,149],
[114,150],
[0,151],
[151,152],
[152,153],
[152,154],
[151,155],
[151,156],
[151,157],
[157,158],
[157,159],
[151,160],
[160,161],
[160,162],
[160,163],
[151,164],
[164,165],
[164,166],
[164,167],
[164,168],
[151,169],
[169,170],
[169,171],
[169,172],
[151,173],
[151,174],
[174,175],
[174,176],
[174,177],
[174,178],
[174,179],
[174,180],
[174,181],
[174,182],
[174,183],
[151,184],
[184,185],
[184,186],
[184,187],
[184,188],
[184,189],
[184,190],
[184,191],
[184,192],
[184,193],
[184,194],
[184,195],
[184,196],
[184,197],
[184,198],
[184,199],
[184,200],
[0,201],
[201,202],
[201,203],
[201,204],
[201,205],
[201,206],
[201,207],
[201,208],
[201,209],
[201,210],
[201,211],
[201,212],
[201,213],
[201,214],
[201,215],
[201,216],
[201,217],
[201,218],
[201,219],
[201,220],
[201,221],
[201,222],
[201,223],
[201,224],
[201,225],
[201,226],
[201,227],
[201,228],
[201,229],
[201,230],
[201,231],
[201,232],
[201,233],
[201,234],
[0,235],
[235,236],
[236,237],
[236,238],
[236,239],
[236,240],
[235,241],
[241,242],
[241,243],
[241,244],
[241,245],
[241,246],
[235,247],
[247,248],
[247,249],
[247,250],
[235,251],
[251,252],
[251,253],
[251,254],
[251,255],
[251,256],
[251,257],
[251,258],
[251,259],
[251,260],
[251,261],
[251,262],
[251,263],
[251,264],
[251,265],
[251,266],
[251,267],
[235,268],
[268,269],
[268,270],
[268,271],
[268,272],
[268,273],
[268,274],
[235,275],
[275,276],
[275,277],
[235,278],
[278,279],
[278,280],
[278,281],
[278,282],
[278,283],
[278,284],
[278,285],
[278,286],
[278,287],
[278,288],
[278,289],
[235,290],
[290,291],
[290,292],
[290,293],
[290,294],
[290,295],
[290,296],
[235,297],
[297,298],
[297,299],
[297,300],
[297,301],
[297,302],
[297,303],
[297,304],
[297,305],
[235,306],
[306,307],
[306,308],
[306,309],
[306,310],
[306,311],
[306,312],
[306,313],
[306,314],
[306,315],
[306,316],
[306,317],
[306,318],
[0,319],
[319,320],
[319,321],
[319,322],
[319,323],
[319,324],
[319,325],
[319,326],
[319,327],
[319,328],
[319,329],
[319,330],
[319,331],
[319,332],
[319,333],
[319,334],
[319,335],
[319,336],
[319,337],
[319,338],
[319,339],
[319,340],
[319,341],
[319,342],
[319,343],
[319,344],
[319,345],
[319,346],
[319,347],
[319,348],
[319,349],
[319,350],
[319,351],
[0,352],
[352,353],
[353,354],
[353,355],
[353,356],
[353,357],
[353,358],
[353,359],
[353,360],
[352,361],
[361,362],
[361,363],
[361,364],
[361,365],
[352,366],
[352,367],
[367,368],
[367,369],
[367,370],
[352,371],
[371,372],
[371,373],
[371,374],
[371,375],
[371,376],
[352,377],
[377,378],
[377,379],
[377,380],
[377,381],
[377,382],
[377,383],
[377,384],
[377,385],
[377,386],
[377,387],
[377,388],
[377,389],
[377,390],
[352,391],
[391,392],
[391,393],
[391,394],
[391,395],
[391,396],
[391,397],
[391,398],
[391,399],
[391,400],
[391,401],
[352,402],
[402,403],
[402,404],
[402,405],
[402,406],
[402,407],
[402,408],
[402,409],
[402,410],
[402,411],
[402,412],
[352,413],
[413,414],
[413,415],
[413,416],
[413,417],
[413,418],
[352,419],
[419,420],
[419,421],
[419,422],
[419,423],
[419,424],
[419,425],
[419,426],
[419,427],
[419,428],
[419,429],
[419,430],
[419,431],
[419,432],
[419,433],
[419,434],
[419,435],
[0,436],
[436,437],
[436,438],
[436,439],
[436,440],
[436,441],
[436,442],
[436,443],
[436,444],
[436,445],
[436,446],
[436,447],
[436,448],
[436,449],
[436,450],
[436,451],
[436,452],
[436,453],
[436,454],
[436,455],
[436,456],
[436,457],
[436,458],
[436,459],
[436,460],
[436,461],
[436,462],
[436,463],
[436,464],
[436,465],
[436,466],
[436,467],
[436,468],
[0,469],
[469,470],
[469,471],
[469,472],
[469,473],
[469,474],
[469,475],
[469,476],
[469,477],
[469,478],
[469,479]
]