[[0,1],
[1,2],
[0,3],
[3,4],
[4,5],
[4,6],
[3,7],
[7,8],
[7,9],
[3,10],
[10,11],
[10,12],
[3,13],
[13,14],
[13,15],
[3,16],
[3,17],
[17,18],
[17,19],
[3,20],
[20,21],
[20,22],
[3,23],
[23,24],
[23,25],
[3,26],
[26,27],
[26,28],
[26,29],
[3,30],
[30,31],
[30,32],
[0,33],
[33,34],
[33,35],
[33,36],
[33,37],
[33,38],
[33,39],
[33,40],
[33,41],
[33,42],
[33,43],
[33,44],
[33,45],
[33,46],
[33,47],
[33,48],
[33,49],
[33,50],
[33,51],
[33,52],
[33,53],
[33,54],
[33,55],
[33,56],
[33,57],
[33,58],
[33,59],
[33,60],
[33,61],
[33,62],
[33,63],
[33,64],
[33,65],
[33,66],
[33,67],
[33,68],
[33,69],
[33,70],
[0,71],
[71,72],
[71,73],
[73,74],
[73,75],
[73,76],
[73,77],
[73,78],
[71,79],
[79,80],
[79,81],
[79,82],
[79,83],
[79,84],
[79,85],
[79,86],
[79,87],
[79,88],
[71,89],
[71,90],
[90,91],
[90,92],
[90,93],
[90,94],
[90,95],
[90,96],
[90,97],
[90,98],
[90,99],
[90,100],
[90,101],
[71,102],
[102,103],
[102,104],
[102,105],
[102,106],
[71,107],
[107,108],
[107,109],
[107,110],
[107,111],
[107,112],
[71,113],
[113,114],
[113,115],
[113,116],
[113,117],
[113,118],
[113,119],
[71,120],
[120,121],
[120,122],
[120,123],
[120,124],
[71,125],
[125,126],
[125,127],
[125,128],
[125,129],
[0,130],
[130,131],
[130,132],
[130,133],
[130,134],
[130,135],
[130,136],
[130,137],
[130,138],
[130,139],
[130,140],
[130,141],
[130,142],
[130,143],
[130,144],
[130,145],
[130,146],
[130,147],
[130,148],
[130,149],
[130,150],
[130,151],
[130,152],
[130,153],
[130,154],
[130,155],
[130,156],
[130,157],
[130,158],
[130,159],
[130,160],
[130,161],
[0,162],
[162,163],
[163,164],
[163,165],
[163,166],
[163,167],
[163,168],
[163,169],
[163,170],
[163,171],
[163,172],
[163,173],
[163,174],
[163,175],
[163,176],
[163,177],
[163,178],
[163,179],
[162,180],
[180,181],
[180,182],
[180,183],
[180,184],
[180,185],
[180,186],
[180,187],
[180,188],
[180,189],
[180,190],
[180,191],
[180,192],
[180,193],
[180,194],
[180,195],
[180,196],
[162,197],
[197,198],
[197,199],
[197,200],
[197,201],
[197,202],
[197,203],
[197,204],
[197,205],
[197,206],
[197,207],
[197,208],
[197,209],
[197,210],
[197,211],
[197,212],
[197,213],
[162,214],
[214,215],
[214,216],
[214,217],
[214,218],
[214,219],
[214,220],
[214,221],
[214,222],
[214,223],
[214,224],
[214,225],
[214,226],
[214,227],
[214,228],
[214,229],
[214,230],
[162,231],
[231,232],
[231,233],
[231,234],
[231,235],
[231,236],
[231,237],
[231,238],
[231,239],
[231,240],
[231,241],
[231,242],
[231,243],
[231,244],
[231,245],
[231,246],
[231,247],
[162,248],
[248,249],
[248,250],
[248,251],
[248,252],
[248,253],
[248,254],
[248,255],
[248,256],
[248,257],
[248,258],
[248,259],
[248,260],
[248,261],
[162,262],
[262,263],
[262,264],
[262,265],
[262,266],
[262,267],
[262,268],
[262,269],
[262,270],
[262,271],
[262,272],
[262,273],
[262,274],
[262,275],
[262,276],
[262,277],
[262,278],
[162,279],
[279,280],
[279,281],
[279,282],
[279,283],
[279,284],
[279,285],
[279,286],
[279,287],
[279,288],
[279,289],
[279,290],
[279,291],
[279,292],
[279,293],
[279,294],
[279,295],
[162,296],
[296,297],
[296,298],
[296,299],
[296,300],
[296,301],
[296,302],
[296,303],
[296,304],
[296,305],
[296,306],
[296,307],
[296,308],
[296,309],
[296,310],
[296,311],
[296,312],
[162,313],
[313,314],
[313,315],
[313,316],
[313,317],
[313,318],
[313,319],
[313,320],
[313,321],
[313,322],
[313,323],
[313,324],
[313,325],
[313,326],
[313,327],
[313,328],
[313,329],
[0,330],
[330,331],
[330,332],
[330,333],
[330,334],
[330,335],
[330,336],
[330,337],
[330,338],
[330,339],
[330,340],
[330,341],
[330,342],
[330,343],
[330,344],
[330,345],
[330,346],
[330,347],
[330,348],
[330,349],
[330,350],
[330,351],
[330,352],
[330,353],
[330,354],
[330,355],
[330,356],
[330,357],
[330,358],
[330,359],
[330,360],
[330,361],
[330,362],
[330,363],
[330,364],
[330,365],
[330,366],
[330,367],
[330,368],
[330,369],
[330,370],
[330,371],
[330,372],
[330,373],
[330,374],
[330,375],
[0,376],
[376,377],
[376,378],
[376,379],
[376,380],
[376,381],
[376,382],
[376,383],
[376,384],
[376,385],
[376,386]
]