[[0,1],
[1,2],
[0,3],
[3,4],
[4,5],
[4,6],
[4,7],
[4,8],
[3,9],
[3,10],
[3,11],
[11,12],
[11,13],
[11,14],
[11,15],
[11,16],
[11,17],
[11,18],
[11,19],
[11,20],
[11,21],
[3,22],
[3,23],
[23,24],
[23,25],
[23,26],
[23,27],
[23,28],
[23,29],
[3,30],
[30,31],
[30,32],
[30,33],
[30,34],
[30,35],
[30,36],
[30,37],
[30,38],
[30,39],
[30,40],
[30,41],
[30,42],
[30,43],
[30,44],
[30,45],
[30,46],
[3,47],
[47,48],
[47,49],
[47,50],
[47,51],
[47,52],
[47,53],
[47,54],
[3,55],
[55,56],
[55,57],
[55,58],
[55,59],
[55,60],
[55,61],
[55,62],
[55,63],
[3,64],
[64,65],
[64,66],
[64,67],
[64,68],
[64,69],
[64,70],
[64,71],
[64,72],
[64,73],
[64,74],
[64,75],
[64,76],
[64,77],
[64,78],
[64,79],
[64,80],
[0,81],
[81,82],
[81,83],
[81,84],
[81,85],
[81,86],
[81,87],
[81,88],
[81,89],
[81,90],
[81,91],
[81,92],
[81,93],
[81,94],
[81,95],
[81,96],
[81,97],
[81,98],
[81,99],
[81,100],
[81,101],
[81,102],
[81,103],
[81,104],
[81,105],
[81,106],
[81,107],
[81,108],
[81,109],
[81,110],
[81,111],
[81,112],
[81,113],
[81,114],
[81,115],
[81,116],
[81,117],
[81,118],
[81,119],
[81,120],
[81,121],
[81,122],
[81,123],
[81,124],
[81,125],
[81,126],
[0,127],
[127,128],
[127,129],
[129,130],
[129,131],
[129,132],
[129,133],
[129,134],
[129,135],
[129,136],
[129,137],
[129,138],
[129,139],
[129,140],
[129,141],
[129,142],
[129,143],
[129,144],
[129,145],
[127,146],
[127,147],
[127,148],
[148,149],
[148,150],
[148,151],
[148,152],
[148,153],
[148,154],
[148,155],
[148,156],
[148,157],
[148,158],
[148,159],
[148,160],
[148,161],
[148,162],
[148,163],
[148,164],
[127,165],
[165,166],
[165,167],
[165,168],
[165,169],
[165,170],
[165,171],
[165,172],
[165,173],
[165,174],
[165,175],
[165,176],
[165,177],
[165,178],
[165,179],
[165,180],
[165,181],
[127,182],
[182,183],
[182,184],
[182,185],
[182,186],
[182,187],
[182,188],
[182,189],
[182,190],
[182,191],
[127,192],
[192,193],
[192,194],
[192,195],
[192,196],
[192,197],
[192,198],
[192,199],
[192,200],
[192,201],
[192,202],
[192,203],
[192,204],
[192,205],
[127,206],
[206,207],
[206,208],
[206,209],
[206,210],
[206,211],
[206,212],
[206,213],
[206,214],
[206,215],
[206,216],
[206,217],
[206,218],
[206,219],
[206,220],
[206,221],
[127,222],
[222,223],
[222,224],
[222,225],
[222,226],
[222,227],
[222,228],
[222,229],
[222,230],
[222,231],
[222,232],
[222,233],
[222,234],
[222,235],
[222,236],
[222,237],
[222,238],
[0,239],
[239,240],
[239,241],
[239,242],
[239,243],
[239,244],
[239,245],
[239,246],
[239,247],
[239,248],
[239,249],
[239,250],
[239,251],
[239,252],
[239,253],
[239,254],
[239,255],
[239,256],
[239,257],
[239,258],
[239,259],
[239,260],
[239,261],
[239,262],
[239,263],
[239,264],
[239,265],
[239,266],
[239,267],
[239,268],
[239,269],
[239,270],
[239,271],
[239,272],
[239,273],
[0,274],
[274,275],
[274,276],
[274,277],
[274,278],
[274,279],
[274,280],
[274,281],
[274,282],
[274,283],
[274,284],
[284,285],
[284,286],
[284,287],
[284,288],
[284,289],
[284,290],
[284,291],
[284,292],
[284,293],
[284,294],
[284,295],
[284,296],
[284,297],
[284,298],
[284,299],
[284,300],
[0,301],
[301,302],
[301,303],
[301,304],
[301,305],
[301,306],
[301,307],
[301,308],
[301,309],
[301,310],
[301,311],
[301,312],
[301,313],
[301,314],
[301,315],
[301,316],
[301,317],
[301,318],
[301,319],
[301,320],
[301,321],
[301,322],
[301,323],
[301,324],
[301,325],
[0,326],
[326,327],
[326,328],
[326,329],
[326,330],
[326,331],
[326,332],
[326,333],
[333,334],
[333,335],
[333,336],
[333,337],
[333,338],
[333,339],
[333,340],
[333,341],
[333,342],
[333,343],
[333,344],
[333,345],
[333,346],
[333,347],
[333,348],
[333,349],
[326,350],
[350,351],
[350,352],
[350,353],
[350,354],
[350,355],
[350,356],
[350,357],
[350,358],
[350,359],
[350,360],
[350,361],
[350,362],
[350,363],
[350,364],
[350,365],
[350,366],
[326,367],
[367,368],
[367,369],
[367,370],
[367,371],
[367,372],
[367,373],
[367,374],
[367,375],
[367,376],
[367,377],
[367,378],
[367,379],
[367,380],
[367,381],
[367,382],
[367,383],
[326,384],
[384,385],
[384,386],
[384,387],
[384,388],
[384,389],
[384,390],
[384,391],
[384,392],
[384,393],
[384,394],
[384,395],
[384,396],
[384,397],
[384,398],
[384,399],
[384,400],
[0,401],
[401,402],
[401,403],
[401,404],
[401,405],
[401,406],
[401,407],
[401,408],
[401,409],
[401,410],
[401,411],
[401,412],
[401,413],
[401,414],
[401,415],
[401,416],
[401,417],
[401,418],
[401,419],
[401,420],
[401,421],
[401,422],
[401,423],
[401,424],
[401,425],
[401,426],
[401,427],
[401,428],
[401,429],
[401,430],
[0,431],
[431,432],
[432,433],
[432,434],
[432,435],
[432,436],
[432,437],
[432,438],
[432,439],
[432,440],
[432,441],
[432,442],
[432,443],
[432,444],
[432,445],
[432,446],
[432,447],
[432,448],
[431,449],
[449,450],
[449,451],
[449,452],
[449,453],
[449,454],
[449,455],
[431,456],
[456,457],
[456,458],
[456,459],
[456,460],
[456,461],
[456,462],
[456,463],
[456,464],
[456,465],
[456,466],
[456,467],
[456,468],
[456,469],
[456,470],
[456,471],
[456,472],
[431,473],
[473,474],
[473,475],
[473,476],
[473,477],
[473,478],
[473,479],
[473,480],
[473,481],
[473,482],
[473,483],
[473,484],
[473,485],
[473,486],
[473,487],
[473,488],
[473,489],
[431,490],
[490,491],
[490,492],
[490,493],
[490,494],
[490,495],
[490,496],
[490,497],
[490,498],
[490,499],
[490,500],
[490,501],
[490,502],
[490,503],
[490,504],
[490,505],
[490,506],
[431,507],
[507,508],
[507,509],
[507,510],
[507,511],
[507,512],
[507,513],
[507,514],
[507,515],
[507,516],
[507,517],
[507,518],
[507,519],
[507,520],
[507,521],
[507,522],
[507,523],
[431,524],
[524,525],
[524,526],
[524,527],
[524,528],
[524,529],
[524,530],
[524,531],
[524,532],
[524,533],
[524,534],
[524,535],
[524,536],
[524,537],
[524,538],
[524,539],
[524,540],
[431,541],
[541,542],
[541,543],
[541,544],
[541,545],
[541,546],
[541,547],
[541,548],
[541,549],
[541,550],
[541,551],
[541,552],
[541,553],
[541,554],
[541,555],
[541,556],
[541,557],
[431,558],
[558,559],
[558,560],
[558,561],
[558,562],
[558,563],
[558,564],
[558,565],
[558,566],
[558,567],
[558,568],
[558,569],
[558,570],
[558,571],
[558,572],
[558,573],
[558,574],
[431,575],
[575,576],
[575,577],
[575,578],
[575,579],
[575,580],
[575,581],
[575,582],
[575,583],
[575,584],
[575,585],
[575,586],
[575,587],
[575,588],
[575,589],
[575,590],
[575,591],
[0,592],
[592,593],
[592,594],
[592,595],
[592,596],
[592,597],
[592,598],
[592,599],
[592,600],
[592,601],
[592,602],
[592,603],
[592,604],
[592,605],
[592,606],
[592,607],
[592,608],
[592,609],
[592,610],
[592,611],
[592,612],
[592,613],
[592,614],
[592,615],
[592,616],
[592,617],
[592,618],
[592,619],
[592,620],
[592,621],
[592,622],
[592,623],
[592,624],
[592,625],
[592,626],
[592,627],
[592,628],
[592,629],
[592,630],
[592,631],
[592,632],
[592,633],
[592,634],
[0,635],
[635,636],
[635,637],
[635,638],
[635,639],
[635,640],
[635,641],
[635,642],
[635,643],
[635,644],
[635,645]
]