[[0,1],
[1,2],
[0,3],
[3,4],
[3,5],
[3,6],
[6,7],
[6,8],
[6,9],
[3,10],
[10,11],
[10,12],
[10,13],
[10,14],
[10,15],
[10,16],
[10,17],
[10,18],
[3,19],
[19,20],
[19,21],
[19,22],
[19,23],
[19,24],
[19,25],
[19,26],
[19,27],
[19,28],
[19,29],
[3,30],
[3,31],
[31,32],
[31,33],
[31,34],
[31,35],
[31,36],
[31,37],
[31,38],
[31,39],
[31,40],
[31,41],
[31,42],
[3,43],
[43,44],
[43,45],
[43,46],
[43,47],
[43,48],
[43,49],
[43,50],
[43,51],
[43,52],
[43,53],
[43,54],
[43,55],
[43,56],
[43,57],
[43,58],
[43,59],
[3,60],
[60,61],
[60,62],
[60,63],
[60,64],
[60,65],
[60,66],
[60,67],
[60,68],
[60,69],
[60,70],
[60,71],
[60,72],
[60,73],
[60,74],
[60,75],
[60,76],
[3,77],
[77,78],
[77,79],
[77,80],
[77,81],
[77,82],
[77,83],
[77,84],
[77,85],
[77,86],
[77,87],
[77,88],
[77,89],
[77,90],
[77,91],
[77,92],
[77,93],
[0,94],
[94,95],
[94,96],
[94,97],
[94,98],
[94,99],
[94,100],
[94,101],
[94,102],
[94,103],
[94,104],
[94,105],
[94,106],
[94,107],
[94,108],
[94,109],
[94,110],
[94,111],
[94,112],
[94,113],
[94,114],
[94,115],
[94,116],
[94,117],
[94,118],
[94,119],
[94,120],
[94,121],
[94,122],
[94,123],
[94,124],
[94,125],
[94,126],
[0,127],
[127,128],
[128,129],
[128,130],
[128,131],
[127,132],
[127,133],
[127,134],
[134,135],
[134,136],
[127,137],
[127,138],
[138,139],
[138,140],
[127,141],
[141,142],
[141,143],
[141,144],
[141,145],
[141,146],
[141,147],
[141,148],
[141,149],
[141,150],
[141,151],
[141,152],
[141,153],
[141,154],
[141,155],
[141,156],
[141,157],
[127,158],
[158,159],
[158,160],
[127,161],
[127,162],
[162,163],
[162,164],
[162,165],
[0,166],
[166,167],
[166,168],
[166,169],
[166,170],
[166,171],
[166,172],
[166,173],
[166,174],
[166,175],
[166,176],
[166,177],
[166,178],
[166,179],
[166,180],
[166,181],
[166,182],
[166,183],
[166,184],
[166,185],
[166,186],
[166,187],
[166,188],
[166,189],
[166,190],
[166,191],
[166,192],
[166,193],
[166,194],
[166,195],
[166,196],
[166,197],
[166,198],
[166,199],
[166,200],
[0,201],
[201,202],
[202,203],
[202,204],
[201,205],
[205,206],
[205,207],
[201,208],
[201,209],
[201,210],
[210,211],
[210,212],
[210,213],
[210,214],
[210,215],
[210,216],
[201,217],
[201,218],
[218,219],
[218,220],
[218,221],
[218,222],
[218,223],
[201,224],
[224,225],
[224,226],
[224,227],
[224,228],
[224,229],
[224,230],
[201,231],
[231,232],
[231,233],
[231,234],
[231,235],
[231,236],
[231,237],
[231,238],
[231,239],
[231,240],
[231,241],
[231,242],
[231,243],
[231,244],
[231,245],
[231,246],
[231,247],
[201,248],
[248,249],
[248,250],
[248,251],
[248,252],
[248,253],
[0,254],
[254,255],
[254,256],
[254,257],
[254,258],
[254,259],
[254,260],
[254,261],
[254,262],
[254,263],
[254,264],
[254,265],
[254,266],
[254,267],
[254,268],
[254,269],
[254,270],
[254,271],
[254,272],
[254,273],
[254,274],
[254,275],
[254,276],
[254,277],
[254,278],
[254,279],
[254,280],
[254,281],
[254,282],
[254,283],
[254,284],
[254,285],
[0,286],
[286,287],
[286,288],
[288,289],
[288,290],
[288,291],
[288,292],
[286,293],
[293,294],
[293,295],
[293,296],
[286,297],
[297,298],
[297,299],
[297,300],
[286,301],
[301,302],
[301,303],
[301,304],
[301,305],
[301,306],
[286,307],
[307,308],
[307,309],
[307,310],
[307,311],
[307,312],
[286,313],
[313,314],
[313,315],
[313,316],
[313,317],
[313,318],
[313,319],
[313,320],
[313,321],
[313,322],
[313,323],
[313,324],
[313,325],
[313,326],
[313,327],
[313,328],
[313,329],
[286,330],
[330,331],
[330,332],
[330,333],
[330,334],
[330,335],
[330,336],
[330,337],
[330,338],
[330,339],
[330,340],
[330,341],
[330,342],
[330,343],
[330,344],
[330,345],
[286,346],
[346,347],
[346,348],
[346,349],
[346,350],
[346,351],
[346,352],
[286,353],
[353,354],
[353,355],
[353,356],
[353,357],
[353,358],
[353,359],
[353,360],
[353,361],
[353,362],
[353,363],
[353,364],
[353,365],
[353,366],
[353,367],
[353,368],
[353,369],
[0,370],
[370,371],
[370,372],
[370,373],
[370,374],
[370,375],
[370,376],
[370,377],
[370,378],
[370,379],
[370,380],
[370,381],
[370,382],
[370,383],
[370,384],
[370,385],
[370,386],
[370,387],
[370,388],
[370,389],
[370,390],
[370,391],
[370,392],
[0,393],
[393,394],
[394,395],
[394,396],
[394,397],
[393,398],
[398,399],
[398,400],
[398,401],
[398,402],
[398,403],
[393,404],
[404,405],
[404,406],
[404,407],
[404,408],
[404,409],
[393,410],
[410,411],
[410,412],
[410,413],
[410,414],
[410,415],
[410,416],
[410,417],
[410,418],
[410,419],
[393,420],
[420,421],
[420,422],
[420,423],
[420,424],
[420,425],
[420,426],
[420,427],
[393,428],
[428,429],
[428,430],
[428,431],
[393,432],
[432,433],
[432,434],
[432,435],
[432,436],
[432,437],
[393,438],
[438,439],
[438,440],
[438,441],
[438,442],
[438,443],
[438,444],
[438,445],
[438,446],
[438,447],
[438,448],
[438,449],
[438,450],
[438,451],
[438,452],
[438,453],
[438,454],
[393,455],
[455,456],
[455,457],
[393,458],
[458,459],
[458,460],
[458,461],
[458,462],
[458,463],
[458,464],
[458,465],
[458,466],
[458,467],
[458,468],
[458,469],
[458,470],
[458,471],
[458,472],
[458,473],
[458,474],
[0,475],
[475,476],
[475,477],
[475,478],
[475,479],
[475,480],
[475,481],
[475,482],
[475,483],
[475,484],
[475,485],
[475,486],
[475,487],
[475,488],
[475,489],
[475,490],
[475,491],
[475,492],
[475,493],
[475,494],
[475,495],
[475,496],
[475,497],
[475,498],
[475,499],
[475,500],
[475,501],
[475,502],
[475,503],
[475,504],
[475,505],
[475,506],
[475,507],
[0,508],
[508,509],
[508,510],
[508,511],
[508,512],
[508,513],
[508,514],
[508,515],
[508,516],
[508,517],
[508,518]
]