[[0,1],
[1,2],
[0,3],
[3,4],
[4,5],
[4,6],
[4,7],
[4,8],
[4,9],
[4,10],
[4,11],
[4,12],
[4,13],
[4,14],
[4,15],
[4,16],
[4,17],
[4,18],
[4,19],
[4,20],
[3,21],
[3,22],
[3,23],
[3,24],
[3,25],
[3,26],
[26,27],
[26,28],
[3,29],
[3,30],
[3,31],
[0,32],
[32,33],
[32,34],
[32,35],
[32,36],
[32,37],
[32,38],
[32,39],
[32,40],
[0,41],
[41,42],
[42,43],
[42,44],
[42,45],
[42,46],
[42,47],
[42,48],
[41,49],
[49,50],
[49,51],
[49,52],
[49,53],
[49,54],
[49,55],
[49,56],
[49,57],
[49,58],
[49,59],
[49,60],
[49,61],
[49,62],
[49,63],
[49,64],
[49,65],
[41,66],
[66,67],
[66,68],
[66,69],
[66,70],
[66,71],
[66,72],
[41,73],
[73,74],
[73,75],
[41,76],
[76,77],
[76,78],
[41,79],
[79,80],
[79,81],
[79,82],
[79,83],
[79,84],
[79,85],
[79,86],
[79,87],
[41,88],
[88,89],
[88,90],
[88,91],
[88,92],
[41,93],
[93,94],
[93,95],
[41,96],
[96,97],
[96,98],
[41,99],
[99,100],
[99,101],
[99,102],
[99,103],
[0,104],
[104,105],
[104,106],
[104,107],
[104,108],
[104,109],
[104,110],
[104,111],
[0,112],
[112,113],
[113,114],
[113,115],
[112,116],
[112,117],
[117,118],
[117,119],
[117,120],
[112,121],
[121,122],
[121,123],
[112,124],
[112,125],
[125,126],
[125,127],
[125,128],
[125,129],
[112,130],
[130,131],
[130,132],
[112,133],
[133,134],
[133,135],
[133,136],
[133,137],
[112,138],
[138,139],
[138,140],
[138,141],
[138,142],
[138,143],
[138,144],
[138,145],
[138,146],
[138,147],
[138,148],
[138,149],
[138,150],
[138,151],
[138,152],
[138,153],
[138,154],
[112,155],
[155,156],
[155,157],
[155,158],
[155,159],
[0,160],
[160,161],
[160,162],
[160,163],
[160,164],
[160,165],
[160,166],
[160,167],
[160,168],
[160,169],
[160,170],
[160,171],
[160,172],
[160,173],
[160,174],
[160,175],
[160,176],
[160,177],
[160,178],
[160,179],
[160,180],
[160,181],
[160,182],
[160,183],
[160,184],
[160,185],
[160,186],
[160,187],
[160,188],
[160,189],
[160,190],
[160,191],
[0,192],
[192,193],
[193,194],
[193,195],
[193,196],
[192,197],
[197,198],
[197,199],
[197,200],
[197,201],
[197,202],
[197,203],
[197,204],
[197,205],
[197,206],
[197,207],
[192,208],
[208,209],
[208,210],
[208,211],
[208,212],
[208,213],
[208,214],
[208,215],
[192,216],
[192,217],
[217,218],
[217,219],
[217,220],
[192,221],
[221,222],
[221,223],
[221,224],
[221,225],
[221,226],
[221,227],
[221,228],
[221,229],
[221,230],
[221,231],
[221,232],
[192,233],
[233,234],
[233,235],
[233,236],
[233,237],
[233,238],
[233,239],
[233,240],
[233,241],
[233,242],
[233,243],
[192,244],
[244,245],
[244,246],
[244,247],
[244,248],
[244,249],
[244,250],
[192,251],
[251,252],
[251,253],
[251,254],
[251,255],
[192,256],
[256,257],
[256,258],
[256,259],
[256,260],
[256,261],
[256,262],
[256,263],
[256,264],
[256,265],
[256,266],
[256,267],
[256,268],
[256,269],
[256,270],
[256,271],
[256,272],
[0,273],
[273,274],
[273,275],
[273,276],
[273,277],
[273,278],
[273,279],
[273,280],
[273,281],
[273,282],
[273,283],
[273,284],
[273,285],
[273,286],
[273,287],
[273,288],
[273,289],
[273,290],
[273,291],
[273,292],
[273,293],
[273,294],
[273,295],
[273,296],
[273,297],
[273,298],
[273,299],
[273,300],
[273,301],
[273,302],
[273,303],
[0,304],
[304,305],
[304,306],
[304,307],
[304,308],
[304,309],
[304,310],
[304,311],
[304,312],
[304,313],
[304,314]
]