[[0,1],
[1,2],
[0,3],
[3,4],
[4,5],
[4,6],
[4,7],
[4,8],
[4,9],
[4,10],
[4,11],
[4,12],
[4,13],
[4,14],
[4,15],
[4,16],
[4,17],
[4,18],
[4,19],
[4,20],
[3,21],
[21,22],
[21,23],
[3,24],
[24,25],
[24,26],
[24,27],
[24,28],
[3,29],
[29,30],
[29,31],
[29,32],
[29,33],
[3,34],
[34,35],
[34,36],
[34,37],
[3,38],
[3,39],
[39,40],
[39,41],
[3,42],
[42,43],
[42,44],
[42,45],
[3,46],
[3,47],
[0,48],
[48,49],
[48,50],
[48,51],
[48,52],
[48,53],
[48,54],
[48,55],
[0,56],
[56,57],
[57,58],
[57,59],
[57,60],
[57,61],
[57,62],
[57,63],
[57,64],
[57,65],
[57,66],
[57,67],
[57,68],
[57,69],
[57,70],
[57,71],
[57,72],
[57,73],
[56,74],
[56,75],
[75,76],
[75,77],
[56,78],
[78,79],
[78,80],
[56,81],
[56,82],
[56,83],
[56,84],
[84,85],
[84,86],
[56,87],
[56,88],
[0,89],
[89,90],
[89,91],
[89,92],
[89,93],
[89,94],
[89,95],
[89,96],
[89,97],
[0,98],
[98,99],
[99,100],
[99,101],
[99,102],
[99,103],
[98,104],
[104,105],
[104,106],
[98,107],
[98,108],
[108,109],
[108,110],
[108,111],
[108,112],
[108,113],
[98,114],
[114,115],
[114,116],
[114,117],
[98,118],
[118,119],
[118,120],
[118,121],
[118,122],
[118,123],
[98,124],
[124,125],
[124,126],
[124,127],
[124,128],
[98,129],
[129,130],
[129,131],
[98,132],
[132,133],
[132,134],
[132,135],
[132,136],
[98,137],
[137,138],
[137,139],
[137,140],
[137,141],
[137,142],
[137,143],
[137,144],
[137,145],
[137,146],
[137,147],
[137,148],
[137,149],
[137,150],
[137,151],
[137,152],
[137,153],
[0,154],
[154,155],
[154,156],
[154,157],
[154,158],
[154,159],
[154,160],
[154,161],
[154,162],
[154,163],
[154,164],
[154,165],
[154,166],
[154,167],
[154,168],
[154,169],
[154,170],
[154,171],
[154,172],
[154,173],
[154,174],
[154,175],
[154,176],
[154,177],
[154,178],
[154,179],
[154,180],
[154,181],
[154,182],
[154,183],
[154,184],
[0,185],
[185,186],
[186,187],
[186,188],
[186,189],
[185,190],
[185,191],
[185,192],
[185,193],
[193,194],
[193,195],
[193,196],
[185,197],
[197,198],
[197,199],
[197,200],
[197,201],
[197,202],
[197,203],
[197,204],
[197,205],
[185,206],
[185,207],
[207,208],
[207,209],
[207,210],
[207,211],
[185,212],
[212,213],
[212,214],
[212,215],
[212,216],
[212,217],
[185,218],
[218,219],
[218,220],
[218,221],
[218,222],
[218,223],
[218,224],
[218,225],
[218,226],
[218,227],
[218,228],
[218,229],
[218,230],
[218,231],
[218,232],
[218,233],
[218,234],
[0,235],
[235,236],
[235,237],
[235,238],
[235,239],
[235,240],
[235,241],
[235,242],
[235,243],
[235,244],
[235,245],
[235,246],
[235,247],
[235,248],
[235,249],
[235,250],
[235,251],
[235,252],
[235,253],
[235,254],
[235,255],
[235,256],
[235,257],
[235,258],
[235,259],
[235,260],
[235,261],
[0,262],
[262,263],
[262,264],
[262,265],
[262,266],
[262,267],
[262,268],
[262,269],
[262,270],
[262,271],
[262,272]
]