[[0,1],
[1,2],
[0,3],
[3,4],
[3,5],
[3,6],
[3,7],
[3,8],
[3,9],
[3,10],
[10,11],
[10,12],
[10,13],
[10,14],
[10,15],
[3,16],
[16,17],
[16,18],
[16,19],
[16,20],
[16,21],
[16,22],
[16,23],
[16,24],
[16,25],
[16,26],
[16,27],
[16,28],
[16,29],
[16,30],
[3,31],
[31,32],
[31,33],
[31,34],
[31,35],
[31,36],
[31,37],
[31,38],
[31,39],
[31,40],
[31,41],
[31,42],
[31,43],
[31,44],
[31,45],
[31,46],
[31,47],
[3,48],
[48,49],
[48,50],
[48,51],
[48,52],
[48,53],
[48,54],
[48,55],
[48,56],
[48,57],
[48,58],
[48,59],
[48,60],
[48,61],
[48,62],
[48,63],
[48,64],
[0,65],
[65,66],
[65,67],
[65,68],
[65,69],
[65,70],
[65,71],
[65,72],
[65,73],
[65,74],
[65,75],
[65,76],
[65,77],
[65,78],
[65,79],
[65,80],
[65,81],
[65,82],
[65,83],
[65,84],
[65,85],
[65,86],
[65,87],
[65,88],
[65,89],
[65,90],
[65,91],
[65,92],
[65,93],
[65,94],
[65,95],
[65,96],
[65,97],
[0,98],
[98,99],
[98,100],
[98,101],
[98,102],
[98,103],
[103,104],
[103,105],
[103,106],
[103,107],
[103,108],
[103,109],
[103,110],
[103,111],
[103,112],
[103,113],
[103,114],
[103,115],
[103,116],
[103,117],
[103,118],
[103,119],
[98,120],
[120,121],
[120,122],
[120,123],
[120,124],
[120,125],
[120,126],
[120,127],
[120,128],
[120,129],
[120,130],
[120,131],
[120,132],
[120,133],
[120,134],
[120,135],
[120,136],
[98,137],
[98,138],
[98,139],
[139,140],
[139,141],
[139,142],
[139,143],
[139,144],
[139,145],
[139,146],
[139,147],
[139,148],
[139,149],
[139,150],
[139,151],
[139,152],
[139,153],
[139,154],
[139,155],
[98,156],
[156,157],
[156,158],
[156,159],
[156,160],
[156,161],
[156,162],
[156,163],
[156,164],
[156,165],
[156,166],
[156,167],
[156,168],
[156,169],
[156,170],
[156,171],
[156,172],
[0,173],
[173,174],
[173,175],
[173,176],
[173,177],
[173,178],
[173,179],
[173,180],
[173,181],
[173,182],
[173,183],
[173,184],
[173,185],
[173,186],
[173,187],
[173,188],
[173,189],
[173,190],
[173,191],
[173,192],
[173,193],
[173,194],
[173,195],
[173,196],
[173,197],
[173,198],
[173,199],
[173,200],
[0,201],
[201,202],
[201,203],
[201,204],
[201,205],
[201,206],
[201,207],
[201,208],
[201,209],
[201,210],
[210,211],
[210,212],
[210,213],
[210,214],
[210,215],
[210,216],
[210,217],
[210,218],
[210,219],
[210,220],
[210,221],
[210,222],
[210,223],
[210,224],
[210,225],
[210,226],
[201,227],
[227,228],
[227,229],
[227,230],
[227,231],
[227,232],
[227,233],
[227,234],
[227,235],
[227,236],
[227,237],
[227,238],
[227,239],
[227,240],
[227,241],
[227,242],
[227,243],
[0,244],
[244,245],
[244,246],
[244,247],
[244,248],
[244,249],
[244,250],
[244,251],
[244,252],
[244,253],
[244,254],
[244,255],
[244,256],
[244,257],
[244,258],
[244,259],
[244,260],
[244,261],
[244,262],
[244,263],
[244,264],
[244,265],
[244,266],
[244,267],
[244,268],
[244,269],
[244,270],
[244,271],
[244,272],
[244,273],
[244,274],
[0,275],
[275,276],
[275,277],
[275,278],
[275,279],
[275,280],
[275,281],
[275,282],
[275,283],
[275,284],
[275,285],
[285,286],
[285,287],
[285,288],
[285,289],
[285,290],
[285,291],
[285,292],
[285,293],
[285,294],
[285,295],
[285,296],
[285,297],
[285,298],
[285,299],
[285,300],
[285,301],
[0,302],
[302,303],
[302,304],
[302,305],
[302,306],
[302,307],
[302,308],
[302,309],
[302,310],
[302,311],
[302,312],
[302,313],
[302,314],
[302,315],
[302,316],
[302,317],
[302,318],
[302,319],
[302,320],
[302,321],
[302,322],
[302,323],
[302,324],
[302,325],
[302,326],
[302,327],
[302,328],
[302,329],
[302,330],
[302,331],
[302,332],
[302,333],
[302,334],
[0,335],
[335,336],
[335,337],
[335,338],
[335,339],
[339,340],
[339,341],
[339,342],
[339,343],
[339,344],
[339,345],
[339,346],
[339,347],
[339,348],
[339,349],
[339,350],
[339,351],
[339,352],
[339,353],
[339,354],
[339,355],
[335,356],
[335,357],
[335,358],
[358,359],
[358,360],
[358,361],
[358,362],
[358,363],
[358,364],
[358,365],
[358,366],
[358,367],
[358,368],
[358,369],
[358,370],
[358,371],
[358,372],
[358,373],
[358,374],
[335,375],
[375,376],
[375,377],
[375,378],
[375,379],
[375,380],
[375,381],
[375,382],
[375,383],
[375,384],
[375,385],
[375,386],
[375,387],
[375,388],
[375,389],
[375,390],
[375,391],
[335,392],
[392,393],
[392,394],
[392,395],
[392,396],
[392,397],
[392,398],
[392,399],
[392,400],
[392,401],
[392,402],
[392,403],
[392,404],
[392,405],
[392,406],
[392,407],
[392,408],
[335,409],
[409,410],
[409,411],
[409,412],
[409,413],
[409,414],
[409,415],
[409,416],
[409,417],
[409,418],
[409,419],
[409,420],
[409,421],
[409,422],
[409,423],
[409,424],
[409,425],
[0,426],
[426,427],
[426,428],
[426,429],
[426,430],
[426,431],
[426,432],
[426,433],
[426,434],
[426,435],
[426,436],
[426,437],
[426,438],
[426,439],
[426,440],
[426,441],
[426,442],
[426,443],
[426,444],
[426,445],
[426,446],
[426,447],
[426,448],
[426,449],
[426,450],
[426,451],
[426,452],
[426,453],
[426,454],
[426,455],
[426,456],
[426,457],
[426,458],
[426,459],
[426,460],
[426,461],
[426,462],
[426,463],
[0,464],
[464,465],
[464,466],
[464,467],
[464,468],
[464,469],
[464,470],
[464,471],
[464,472],
[464,473],
[464,474]
]