[[0,1],
[1,2],
[0,3],
[3,4],
[4,5],
[4,6],
[4,7],
[4,8],
[3,9],
[3,10],
[10,11],
[10,12],
[10,13],
[3,14],
[3,15],
[15,16],
[15,17],
[15,18],
[15,19],
[3,20],
[20,21],
[20,22],
[3,23],
[3,24],
[24,25],
[24,26],
[3,27],
[27,28],
[27,29],
[27,30],
[3,31],
[31,32],
[31,33],
[31,34],
[0,35],
[35,36],
[35,37],
[35,38],
[35,39],
[35,40],
[35,41],
[35,42],
[35,43],
[35,44],
[35,45],
[35,46],
[35,47],
[35,48],
[35,49],
[35,50],
[35,51],
[35,52],
[35,53],
[35,54],
[35,55],
[35,56],
[35,57],
[35,58],
[35,59],
[35,60],
[35,61],
[35,62],
[35,63],
[35,64],
[35,65],
[35,66],
[35,67],
[35,68],
[35,69],
[35,70],
[35,71],
[35,72],
[35,73],
[35,74],
[35,75],
[35,76],
[35,77],
[35,78],
[0,79],
[79,80],
[79,81],
[81,82],
[81,83],
[81,84],
[79,85],
[85,86],
[85,87],
[85,88],
[85,89],
[85,90],
[85,91],
[79,92],
[79,93],
[93,94],
[93,95],
[93,96],
[93,97],
[79,98],
[79,99],
[99,100],
[99,101],
[99,102],
[99,103],
[99,104],
[99,105],
[99,106],
[79,107],
[107,108],
[107,109],
[107,110],
[79,111],
[79,112],
[112,113],
[112,114],
[112,115],
[112,116],
[112,117],
[0,118],
[118,119],
[118,120],
[118,121],
[118,122],
[118,123],
[118,124],
[118,125],
[118,126],
[118,127],
[118,128],
[118,129],
[118,130],
[118,131],
[118,132],
[118,133],
[118,134],
[118,135],
[118,136],
[118,137],
[118,138],
[118,139],
[118,140],
[118,141],
[118,142],
[118,143],
[118,144],
[118,145],
[118,146],
[118,147],
[118,148],
[118,149],
[118,150],
[118,151],
[118,152],
[118,153],
[0,154],
[154,155],
[154,156],
[156,157],
[156,158],
[156,159],
[156,160],
[154,161],
[161,162],
[161,163],
[161,164],
[161,165],
[161,166],
[154,167],
[167,168],
[167,169],
[154,170],
[170,171],
[170,172],
[170,173],
[170,174],
[154,175],
[175,176],
[175,177],
[175,178],
[175,179],
[175,180],
[154,181],
[181,182],
[181,183],
[181,184],
[181,185],
[181,186],
[181,187],
[181,188],
[181,189],
[181,190],
[181,191],
[181,192],
[181,193],
[181,194],
[181,195],
[181,196],
[181,197],
[154,198],
[198,199],
[198,200],
[198,201],
[198,202],
[198,203],
[154,204],
[204,205],
[204,206],
[204,207],
[204,208],
[204,209],
[204,210],
[154,211],
[211,212],
[211,213],
[211,214],
[211,215],
[211,216],
[211,217],
[211,218],
[211,219],
[211,220],
[211,221],
[211,222],
[211,223],
[211,224],
[211,225],
[211,226],
[0,227],
[227,228],
[227,229],
[227,230],
[227,231],
[227,232],
[227,233],
[227,234],
[227,235],
[227,236],
[227,237],
[227,238],
[227,239],
[227,240],
[227,241],
[227,242],
[227,243],
[227,244],
[227,245],
[227,246],
[227,247],
[227,248],
[227,249],
[227,250],
[227,251],
[227,252],
[227,253],
[227,254],
[227,255],
[227,256],
[227,257],
[227,258],
[227,259],
[227,260],
[227,261],
[227,262],
[227,263],
[227,264],
[0,265],
[265,266],
[266,267],
[266,268],
[266,269],
[266,270],
[266,271],
[266,272],
[266,273],
[266,274],
[266,275],
[266,276],
[266,277],
[266,278],
[266,279],
[265,280],
[280,281],
[280,282],
[280,283],
[280,284],
[280,285],
[280,286],
[280,287],
[280,288],
[280,289],
[280,290],
[280,291],
[280,292],
[280,293],
[280,294],
[280,295],
[280,296],
[265,297],
[297,298],
[297,299],
[297,300],
[297,301],
[297,302],
[297,303],
[297,304],
[297,305],
[297,306],
[297,307],
[297,308],
[297,309],
[297,310],
[297,311],
[297,312],
[297,313],
[265,314],
[314,315],
[314,316],
[314,317],
[314,318],
[314,319],
[314,320],
[265,321],
[321,322],
[321,323],
[321,324],
[321,325],
[321,326],
[321,327],
[321,328],
[321,329],
[321,330],
[321,331],
[321,332],
[321,333],
[321,334],
[321,335],
[321,336],
[321,337],
[265,338],
[338,339],
[338,340],
[338,341],
[338,342],
[338,343],
[338,344],
[338,345],
[338,346],
[338,347],
[338,348],
[265,349],
[349,350],
[349,351],
[349,352],
[349,353],
[349,354],
[349,355],
[349,356],
[349,357],
[349,358],
[349,359],
[349,360],
[349,361],
[265,362],
[362,363],
[362,364],
[362,365],
[362,366],
[362,367],
[362,368],
[362,369],
[362,370],
[362,371],
[362,372],
[362,373],
[265,374],
[374,375],
[374,376],
[374,377],
[374,378],
[374,379],
[374,380],
[265,381],
[381,382],
[381,383],
[381,384],
[381,385],
[381,386],
[381,387],
[381,388],
[381,389],
[0,390],
[390,391],
[390,392],
[390,393],
[390,394],
[390,395],
[390,396],
[390,397],
[390,398],
[390,399],
[390,400],
[390,401],
[390,402],
[390,403],
[390,404],
[390,405],
[390,406],
[390,407],
[390,408],
[390,409],
[390,410],
[390,411],
[390,412],
[390,413],
[390,414],
[390,415],
[390,416],
[390,417],
[390,418],
[390,419],
[390,420],
[390,421],
[390,422],
[390,423],
[390,424],
[390,425],
[390,426],
[390,427],
[390,428],
[390,429],
[390,430],
[390,431],
[390,432],
[390,433],
[390,434],
[390,435],
[390,436],
[390,437],
[0,438],
[438,439],
[439,440],
[439,441],
[439,442],
[439,443],
[439,444],
[439,445],
[438,446],
[446,447],
[446,448],
[446,449],
[446,450],
[446,451],
[438,452],
[452,453],
[452,454],
[452,455],
[452,456],
[452,457],
[452,458],
[452,459],
[452,460],
[452,461],
[452,462],
[452,463],
[452,464],
[452,465],
[452,466],
[452,467],
[452,468],
[438,469],
[469,470],
[469,471],
[469,472],
[469,473],
[469,474],
[469,475],
[469,476],
[469,477],
[469,478],
[469,479],
[469,480],
[469,481],
[469,482],
[469,483],
[469,484],
[438,485],
[485,486],
[485,487],
[485,488],
[485,489],
[485,490],
[485,491],
[485,492],
[485,493],
[485,494],
[485,495],
[485,496],
[485,497],
[485,498],
[485,499],
[438,500],
[500,501],
[500,502],
[500,503],
[500,504],
[500,505],
[500,506],
[500,507],
[500,508],
[500,509],
[500,510],
[500,511],
[438,512],
[512,513],
[512,514],
[512,515],
[512,516],
[512,517],
[512,518],
[512,519],
[512,520],
[512,521],
[512,522],
[512,523],
[512,524],
[512,525],
[438,526],
[526,527],
[526,528],
[526,529],
[526,530],
[526,531],
[526,532],
[526,533],
[526,534],
[526,535],
[526,536],
[526,537],
[526,538],
[526,539],
[438,540],
[540,541],
[540,542],
[540,543],
[540,544],
[540,545],
[540,546],
[540,547],
[540,548],
[540,549],
[438,550],
[550,551],
[550,552],
[550,553],
[550,554],
[550,555],
[550,556],
[550,557],
[550,558],
[550,559],
[550,560],
[550,561],
[550,562],
[550,563],
[550,564],
[550,565],
[0,566],
[566,567],
[566,568],
[566,569],
[566,570],
[566,571],
[566,572],
[566,573],
[566,574],
[566,575],
[566,576],
[566,577],
[566,578],
[566,579],
[566,580],
[566,581],
[566,582],
[566,583],
[566,584],
[566,585],
[566,586],
[566,587],
[566,588],
[566,589],
[566,590],
[566,591],
[566,592],
[566,593],
[566,594],
[566,595],
[566,596],
[566,597],
[566,598],
[566,599],
[566,600],
[566,601],
[566,602],
[566,603],
[566,604],
[566,605],
[566,606],
[566,607],
[566,608],
[0,609],
[609,610],
[609,611],
[609,612],
[609,613],
[609,614],
[609,615],
[609,616],
[609,617],
[609,618],
[609,619]
]