[[0,1],
[1,2],
[0,3],
[3,4],
[4,5],
[4,6],
[4,7],
[4,8],
[4,9],
[4,10],
[4,11],
[4,12],
[4,13],
[4,14],
[4,15],
[4,16],
[4,17],
[4,18],
[4,19],
[4,20],
[3,21],
[21,22],
[21,23],
[21,24],
[21,25],
[21,26],
[21,27],
[21,28],
[21,29],
[21,30],
[21,31],
[21,32],
[21,33],
[21,34],
[21,35],
[21,36],
[21,37],
[3,38],
[38,39],
[38,40],
[38,41],
[38,42],
[38,43],
[3,44],
[3,45],
[45,46],
[45,47],
[45,48],
[45,49],
[45,50],
[3,51],
[51,52],
[51,53],
[51,54],
[51,55],
[51,56],
[3,57],
[57,58],
[57,59],
[57,60],
[57,61],
[57,62],
[57,63],
[57,64],
[57,65],
[57,66],
[57,67],
[57,68],
[57,69],
[3,70],
[70,71],
[70,72],
[70,73],
[70,74],
[70,75],
[70,76],
[70,77],
[70,78],
[70,79],
[70,80],
[70,81],
[70,82],
[70,83],
[70,84],
[3,85],
[3,86],
[0,87],
[87,88],
[87,89],
[87,90],
[87,91],
[87,92],
[87,93],
[87,94],
[87,95],
[0,96],
[96,97],
[97,98],
[97,99],
[97,100],
[97,101],
[97,102],
[97,103],
[97,104],
[97,105],
[97,106],
[97,107],
[97,108],
[97,109],
[97,110],
[97,111],
[97,112],
[97,113],
[96,114],
[114,115],
[114,116],
[96,117],
[117,118],
[117,119],
[117,120],
[117,121],
[96,122],
[96,123],
[123,124],
[123,125],
[96,126],
[126,127],
[126,128],
[96,129],
[96,130],
[96,131],
[131,132],
[131,133],
[96,134],
[0,135],
[135,136],
[135,137],
[135,138],
[135,139],
[135,140],
[135,141],
[135,142],
[135,143],
[0,144],
[144,145],
[144,146],
[144,147],
[147,148],
[147,149],
[147,150],
[144,151],
[144,152],
[152,153],
[152,154],
[152,155],
[152,156],
[152,157],
[152,158],
[152,159],
[152,160],
[152,161],
[152,162],
[152,163],
[152,164],
[152,165],
[152,166],
[152,167],
[152,168],
[144,169],
[144,170],
[170,171],
[170,172],
[170,173],
[170,174],
[170,175],
[170,176],
[170,177],
[170,178],
[144,179],
[179,180],
[179,181],
[144,182],
[182,183],
[182,184],
[144,185],
[185,186],
[185,187],
[185,188],
[185,189],
[185,190],
[0,191],
[191,192],
[191,193],
[191,194],
[191,195],
[191,196],
[191,197],
[191,198],
[191,199],
[191,200],
[191,201],
[191,202],
[191,203],
[191,204],
[191,205],
[191,206],
[191,207],
[191,208],
[191,209],
[191,210],
[191,211],
[191,212],
[191,213],
[191,214],
[191,215],
[191,216],
[191,217],
[191,218],
[191,219],
[0,220],
[220,221],
[221,222],
[221,223],
[221,224],
[221,225],
[221,226],
[221,227],
[221,228],
[221,229],
[221,230],
[221,231],
[221,232],
[221,233],
[221,234],
[221,235],
[220,236],
[220,237],
[237,238],
[237,239],
[237,240],
[237,241],
[237,242],
[237,243],
[237,244],
[237,245],
[237,246],
[237,247],
[237,248],
[237,249],
[237,250],
[237,251],
[220,252],
[252,253],
[252,254],
[252,255],
[252,256],
[252,257],
[252,258],
[252,259],
[220,260],
[260,261],
[260,262],
[220,263],
[263,264],
[263,265],
[263,266],
[263,267],
[263,268],
[263,269],
[263,270],
[263,271],
[263,272],
[263,273],
[220,274],
[274,275],
[274,276],
[274,277],
[274,278],
[274,279],
[274,280],
[274,281],
[274,282],
[274,283],
[274,284],
[274,285],
[274,286],
[220,287],
[287,288],
[287,289],
[287,290],
[287,291],
[287,292],
[287,293],
[287,294],
[287,295],
[287,296],
[287,297],
[287,298],
[287,299],
[287,300],
[287,301],
[287,302],
[220,303],
[303,304],
[303,305],
[303,306],
[303,307],
[303,308],
[303,309],
[303,310],
[303,311],
[303,312],
[303,313],
[220,314],
[314,315],
[314,316],
[314,317],
[314,318],
[314,319],
[314,320],
[314,321],
[314,322],
[314,323],
[314,324],
[314,325],
[314,326],
[314,327],
[314,328],
[314,329],
[314,330],
[0,331],
[331,332],
[331,333],
[331,334],
[331,335],
[331,336],
[331,337],
[331,338],
[331,339],
[331,340],
[331,341],
[331,342],
[331,343],
[331,344],
[331,345],
[331,346],
[331,347],
[331,348],
[331,349],
[331,350],
[331,351],
[331,352],
[331,353],
[331,354],
[331,355],
[331,356],
[331,357],
[331,358],
[331,359],
[331,360],
[331,361],
[0,362],
[362,363],
[362,364],
[362,365],
[362,366],
[362,367],
[362,368],
[362,369],
[362,370],
[362,371],
[362,372]
]