[[0,1],
[1,2],
[0,3],
[3,4],
[3,5],
[3,6],
[6,7],
[6,8],
[6,9],
[3,10],
[10,11],
[10,12],
[10,13],
[3,14],
[3,15],
[3,16],
[3,17],
[17,18],
[17,19],
[17,20],
[17,21],
[3,22],
[22,23],
[22,24],
[22,25],
[22,26],
[22,27],
[22,28],
[3,29],
[29,30],
[29,31],
[29,32],
[0,33],
[33,34],
[33,35],
[33,36],
[33,37],
[33,38],
[33,39],
[33,40],
[33,41],
[33,42],
[33,43],
[33,44],
[33,45],
[33,46],
[33,47],
[33,48],
[33,49],
[33,50],
[33,51],
[33,52],
[33,53],
[33,54],
[33,55],
[33,56],
[33,57],
[33,58],
[33,59],
[33,60],
[33,61],
[33,62],
[33,63],
[33,64],
[33,65],
[33,66],
[33,67],
[33,68],
[33,69],
[33,70],
[33,71],
[0,72],
[72,73],
[72,74],
[72,75],
[75,76],
[75,77],
[75,78],
[72,79],
[79,80],
[79,81],
[72,82],
[72,83],
[72,84],
[84,85],
[84,86],
[84,87],
[72,88],
[88,89],
[88,90],
[88,91],
[88,92],
[88,93],
[88,94],
[72,95],
[95,96],
[95,97],
[95,98],
[95,99],
[95,100],
[72,101],
[101,102],
[101,103],
[101,104],
[101,105],
[101,106],
[101,107],
[101,108],
[101,109],
[101,110],
[0,111],
[111,112],
[111,113],
[111,114],
[111,115],
[111,116],
[111,117],
[111,118],
[111,119],
[111,120],
[111,121],
[111,122],
[111,123],
[111,124],
[111,125],
[111,126],
[111,127],
[111,128],
[111,129],
[111,130],
[111,131],
[111,132],
[111,133],
[111,134],
[111,135],
[111,136],
[111,137],
[111,138],
[111,139],
[111,140],
[111,141],
[111,142],
[111,143],
[111,144],
[111,145],
[111,146],
[0,147],
[147,148],
[147,149],
[147,150],
[147,151],
[147,152],
[147,153],
[147,154],
[147,155],
[155,156],
[155,157],
[155,158],
[155,159],
[155,160],
[155,161],
[155,162],
[155,163],
[155,164],
[155,165],
[155,166],
[155,167],
[155,168],
[155,169],
[147,170],
[170,171],
[170,172],
[170,173],
[170,174],
[170,175],
[170,176],
[170,177],
[170,178],
[170,179],
[170,180],
[147,181],
[181,182],
[181,183],
[181,184],
[181,185],
[181,186],
[181,187],
[181,188],
[181,189],
[181,190],
[181,191],
[181,192],
[181,193],
[181,194],
[181,195],
[181,196],
[181,197],
[0,198],
[198,199],
[198,200],
[198,201],
[198,202],
[198,203],
[198,204],
[198,205],
[198,206],
[198,207],
[198,208],
[198,209],
[198,210],
[198,211],
[198,212],
[198,213],
[198,214],
[198,215],
[198,216],
[198,217],
[198,218],
[198,219],
[198,220],
[198,221],
[198,222],
[198,223],
[198,224],
[198,225],
[198,226],
[0,227],
[227,228],
[227,229],
[227,230],
[230,231],
[230,232],
[227,233],
[233,234],
[233,235],
[233,236],
[233,237],
[233,238],
[233,239],
[233,240],
[233,241],
[233,242],
[227,243],
[243,244],
[243,245],
[227,246],
[227,247],
[247,248],
[247,249],
[247,250],
[227,251],
[227,252],
[252,253],
[252,254],
[227,255],
[255,256],
[255,257],
[255,258],
[255,259],
[255,260],
[255,261],
[255,262],
[255,263],
[255,264],
[255,265],
[255,266],
[255,267],
[255,268],
[255,269],
[255,270],
[255,271],
[0,272],
[272,273],
[272,274],
[272,275],
[272,276],
[272,277],
[272,278],
[272,279],
[272,280],
[272,281],
[272,282],
[272,283],
[272,284],
[272,285],
[272,286],
[272,287],
[272,288],
[272,289],
[272,290],
[272,291],
[272,292],
[272,293],
[272,294],
[272,295],
[272,296],
[272,297],
[272,298],
[272,299],
[0,300],
[300,301],
[301,302],
[301,303],
[301,304],
[301,305],
[300,306],
[300,307],
[300,308],
[300,309],
[309,310],
[309,311],
[309,312],
[300,313],
[313,314],
[313,315],
[300,316],
[300,317],
[317,318],
[317,319],
[300,320],
[320,321],
[320,322],
[320,323],
[320,324],
[300,325],
[325,326],
[325,327],
[325,328],
[325,329],
[325,330],
[325,331],
[325,332],
[325,333],
[325,334],
[325,335],
[325,336],
[325,337],
[325,338],
[325,339],
[325,340],
[325,341],
[0,342],
[342,343],
[342,344],
[342,345],
[342,346],
[342,347],
[342,348],
[342,349],
[342,350],
[342,351],
[342,352],
[342,353],
[342,354],
[342,355],
[342,356],
[342,357],
[342,358],
[342,359],
[342,360],
[342,361],
[342,362],
[342,363],
[342,364],
[342,365],
[342,366],
[342,367],
[342,368],
[342,369],
[342,370],
[342,371],
[342,372],
[342,373],
[0,374],
[374,375],
[374,376],
[374,377],
[374,378],
[374,379],
[374,380],
[374,381],
[374,382],
[374,383],
[374,384]
]