[[0,1],
[1,2],
[0,3],
[3,4],
[3,5],
[3,6],
[3,7],
[3,8],
[8,9],
[8,10],
[8,11],
[8,12],
[8,13],
[8,14],
[8,15],
[8,16],
[8,17],
[8,18],
[8,19],
[8,20],
[8,21],
[8,22],
[8,23],
[8,24],
[3,25],
[3,26],
[3,27],
[3,28],
[28,29],
[28,30],
[3,31],
[31,32],
[31,33],
[0,34],
[34,35],
[34,36],
[34,37],
[34,38],
[34,39],
[34,40],
[34,41],
[34,42],
[34,43],
[34,44],
[34,45],
[34,46],
[34,47],
[34,48],
[34,49],
[34,50],
[34,51],
[34,52],
[34,53],
[34,54],
[34,55],
[34,56],
[34,57],
[34,58],
[34,59],
[34,60],
[34,61],
[34,62],
[34,63],
[34,64],
[34,65],
[0,66],
[66,67],
[66,68],
[66,69],
[69,70],
[69,71],
[69,72],
[69,73],
[69,74],
[69,75],
[66,76],
[76,77],
[76,78],
[66,79],
[79,80],
[79,81],
[79,82],
[66,83],
[83,84],
[83,85],
[83,86],
[83,87],
[83,88],
[66,89],
[66,90],
[90,91],
[90,92],
[90,93],
[66,94],
[94,95],
[94,96],
[94,97],
[94,98],
[94,99],
[94,100],
[94,101],
[94,102],
[94,103],
[94,104],
[94,105],
[94,106],
[94,107],
[94,108],
[94,109],
[94,110],
[66,111],
[111,112],
[111,113],
[111,114],
[111,115],
[111,116],
[0,117],
[117,118],
[117,119],
[117,120],
[117,121],
[117,122],
[117,123],
[117,124],
[117,125],
[117,126],
[117,127],
[117,128],
[117,129],
[117,130],
[117,131],
[117,132],
[117,133],
[117,134],
[117,135],
[117,136],
[117,137],
[117,138],
[117,139],
[117,140],
[117,141],
[117,142],
[117,143],
[117,144],
[0,145],
[145,146],
[146,147],
[146,148],
[145,149],
[145,150],
[145,151],
[145,152],
[145,153],
[153,154],
[153,155],
[145,156],
[156,157],
[156,158],
[145,159],
[159,160],
[159,161],
[159,162],
[159,163],
[145,164],
[164,165],
[164,166],
[164,167],
[164,168],
[164,169],
[164,170],
[164,171],
[164,172],
[164,173],
[164,174],
[164,175],
[164,176],
[164,177],
[164,178],
[164,179],
[164,180],
[145,181],
[181,182],
[181,183],
[181,184],
[0,185],
[185,186],
[185,187],
[185,188],
[185,189],
[185,190],
[185,191],
[185,192],
[185,193],
[185,194],
[185,195],
[185,196],
[185,197],
[185,198],
[185,199],
[185,200],
[185,201],
[185,202],
[185,203],
[185,204],
[185,205],
[185,206],
[185,207],
[185,208],
[185,209],
[185,210],
[185,211],
[185,212],
[185,213],
[185,214],
[185,215],
[185,216],
[185,217],
[0,218],
[218,219],
[219,220],
[219,221],
[218,222],
[218,223],
[223,224],
[223,225],
[218,226],
[218,227],
[227,228],
[227,229],
[218,230],
[218,231],
[231,232],
[231,233],
[218,234],
[234,235],
[234,236],
[234,237],
[234,238],
[234,239],
[218,240],
[240,241],
[240,242],
[240,243],
[218,244],
[244,245],
[244,246],
[244,247],
[244,248],
[244,249],
[244,250],
[244,251],
[244,252],
[244,253],
[244,254],
[244,255],
[244,256],
[244,257],
[244,258],
[244,259],
[244,260],
[0,261],
[261,262],
[261,263],
[261,264],
[261,265],
[261,266],
[261,267],
[261,268],
[261,269],
[261,270],
[261,271],
[261,272],
[261,273],
[261,274],
[261,275],
[261,276],
[261,277],
[261,278],
[261,279],
[261,280],
[261,281],
[261,282],
[261,283],
[261,284],
[261,285],
[261,286],
[261,287],
[261,288],
[261,289],
[261,290],
[261,291],
[0,292],
[292,293],
[292,294],
[292,295],
[292,296],
[292,297],
[292,298],
[298,299],
[298,300],
[298,301],
[292,302],
[292,303],
[303,304],
[303,305],
[303,306],
[303,307],
[303,308],
[303,309],
[303,310],
[292,311],
[311,312],
[311,313],
[311,314],
[311,315],
[292,316],
[316,317],
[316,318],
[316,319],
[316,320],
[316,321],
[316,322],
[316,323],
[316,324],
[316,325],
[316,326],
[316,327],
[316,328],
[316,329],
[316,330],
[316,331],
[316,332],
[0,333],
[333,334],
[333,335],
[333,336],
[333,337],
[333,338],
[333,339],
[333,340],
[333,341],
[333,342],
[333,343],
[333,344],
[333,345],
[333,346],
[333,347],
[333,348],
[333,349],
[333,350],
[333,351],
[333,352],
[333,353],
[333,354],
[333,355],
[333,356],
[333,357],
[333,358],
[333,359],
[333,360],
[0,361],
[361,362],
[361,363],
[361,364],
[361,365],
[361,366],
[361,367],
[361,368],
[361,369],
[361,370],
[361,371]
]