[[0,1],
[1,2],
[0,3],
[3,4],
[3,5],
[5,6],
[5,7],
[5,8],
[5,9],
[5,10],
[3,11],
[3,12],
[3,13],
[3,14],
[3,15],
[15,16],
[15,17],
[3,18],
[18,19],
[18,20],
[18,21],
[18,22],
[18,23],
[18,24],
[18,25],
[18,26],
[18,27],
[3,28],
[3,29],
[29,30],
[29,31],
[0,32],
[32,33],
[32,34],
[32,35],
[32,36],
[32,37],
[32,38],
[32,39],
[32,40],
[32,41],
[32,42],
[32,43],
[32,44],
[32,45],
[32,46],
[32,47],
[32,48],
[32,49],
[32,50],
[32,51],
[32,52],
[32,53],
[32,54],
[32,55],
[32,56],
[32,57],
[32,58],
[32,59],
[32,60],
[32,61],
[32,62],
[32,63],
[32,64],
[32,65],
[32,66],
[32,67],
[32,68],
[32,69],
[0,70],
[70,71],
[70,72],
[70,73],
[70,74],
[70,75],
[70,76],
[76,77],
[76,78],
[76,79],
[76,80],
[76,81],
[76,82],
[76,83],
[70,84],
[84,85],
[84,86],
[84,87],
[84,88],
[84,89],
[84,90],
[84,91],
[84,92],
[84,93],
[70,94],
[94,95],
[94,96],
[94,97],
[70,98],
[98,99],
[98,100],
[98,101],
[98,102],
[98,103],
[98,104],
[70,105],
[105,106],
[105,107],
[0,108],
[108,109],
[108,110],
[108,111],
[108,112],
[108,113],
[108,114],
[108,115],
[108,116],
[108,117],
[108,118],
[108,119],
[108,120],
[108,121],
[108,122],
[108,123],
[108,124],
[108,125],
[108,126],
[108,127],
[108,128],
[108,129],
[108,130],
[108,131],
[108,132],
[108,133],
[108,134],
[108,135],
[108,136],
[108,137],
[108,138],
[108,139],
[108,140],
[108,141],
[108,142],
[108,143],
[108,144],
[108,145],
[108,146],
[108,147],
[0,148],
[148,149],
[148,150],
[148,151],
[148,152],
[148,153],
[153,154],
[153,155],
[153,156],
[153,157],
[153,158],
[153,159],
[153,160],
[148,161],
[161,162],
[161,163],
[161,164],
[161,165],
[161,166],
[161,167],
[161,168],
[148,169],
[169,170],
[169,171],
[169,172],
[169,173],
[148,174],
[174,175],
[174,176],
[174,177],
[174,178],
[174,179],
[174,180],
[174,181],
[174,182],
[174,183],
[174,184],
[174,185],
[174,186],
[174,187],
[148,188],
[188,189],
[188,190],
[188,191],
[188,192],
[188,193],
[188,194],
[188,195],
[188,196],
[148,197],
[197,198],
[197,199],
[197,200],
[197,201],
[197,202],
[197,203],
[197,204],
[197,205],
[197,206],
[197,207],
[197,208],
[197,209],
[197,210],
[197,211],
[197,212],
[197,213],
[0,214],
[214,215],
[214,216],
[214,217],
[214,218],
[214,219],
[214,220],
[214,221],
[214,222],
[214,223],
[214,224],
[214,225],
[214,226],
[214,227],
[214,228],
[214,229],
[214,230],
[214,231],
[214,232],
[214,233],
[214,234],
[214,235],
[214,236],
[214,237],
[214,238],
[214,239],
[214,240],
[214,241],
[214,242],
[214,243],
[214,244],
[214,245],
[214,246],
[214,247],
[214,248],
[214,249],
[214,250],
[214,251],
[214,252],
[214,253],
[214,254],
[214,255],
[0,256],
[256,257],
[256,258],
[258,259],
[258,260],
[258,261],
[258,262],
[258,263],
[258,264],
[258,265],
[258,266],
[258,267],
[258,268],
[258,269],
[258,270],
[258,271],
[258,272],
[258,273],
[256,274],
[274,275],
[274,276],
[274,277],
[274,278],
[274,279],
[274,280],
[274,281],
[274,282],
[274,283],
[256,284],
[256,285],
[285,286],
[285,287],
[285,288],
[285,289],
[285,290],
[285,291],
[285,292],
[285,293],
[285,294],
[256,295],
[295,296],
[295,297],
[295,298],
[295,299],
[295,300],
[295,301],
[295,302],
[295,303],
[295,304],
[295,305],
[295,306],
[295,307],
[295,308],
[295,309],
[295,310],
[295,311],
[256,312],
[312,313],
[312,314],
[312,315],
[312,316],
[312,317],
[312,318],
[312,319],
[312,320],
[312,321],
[312,322],
[312,323],
[312,324],
[312,325],
[312,326],
[312,327],
[312,328],
[256,329],
[329,330],
[329,331],
[329,332],
[329,333],
[329,334],
[329,335],
[329,336],
[329,337],
[329,338],
[329,339],
[329,340],
[329,341],
[329,342],
[329,343],
[329,344],
[329,345],
[256,346],
[346,347],
[346,348],
[346,349],
[346,350],
[346,351],
[346,352],
[346,353],
[346,354],
[346,355],
[346,356],
[346,357],
[346,358],
[346,359],
[346,360],
[346,361],
[256,362],
[362,363],
[362,364],
[362,365],
[362,366],
[362,367],
[362,368],
[362,369],
[362,370],
[362,371],
[362,372],
[0,373],
[373,374],
[373,375],
[373,376],
[373,377],
[373,378],
[373,379],
[373,380],
[373,381],
[373,382],
[373,383],
[373,384],
[373,385],
[373,386],
[373,387],
[373,388],
[373,389],
[373,390],
[373,391],
[373,392],
[373,393],
[373,394],
[373,395],
[373,396],
[373,397],
[373,398],
[373,399],
[373,400],
[373,401],
[373,402],
[373,403],
[373,404],
[373,405],
[373,406],
[373,407],
[373,408],
[373,409],
[373,410],
[373,411],
[373,412],
[373,413],
[373,414],
[373,415],
[373,416],
[373,417],
[373,418],
[373,419],
[373,420],
[0,421],
[421,422],
[422,423],
[422,424],
[422,425],
[421,426],
[426,427],
[426,428],
[426,429],
[426,430],
[426,431],
[426,432],
[426,433],
[426,434],
[426,435],
[426,436],
[426,437],
[426,438],
[426,439],
[426,440],
[426,441],
[426,442],
[421,443],
[443,444],
[443,445],
[443,446],
[443,447],
[443,448],
[443,449],
[443,450],
[443,451],
[443,452],
[421,453],
[453,454],
[453,455],
[453,456],
[453,457],
[453,458],
[453,459],
[453,460],
[453,461],
[453,462],
[453,463],
[453,464],
[453,465],
[453,466],
[421,467],
[421,468],
[468,469],
[468,470],
[468,471],
[468,472],
[468,473],
[468,474],
[468,475],
[468,476],
[468,477],
[468,478],
[468,479],
[468,480],
[468,481],
[468,482],
[468,483],
[468,484],
[421,485],
[485,486],
[485,487],
[485,488],
[485,489],
[485,490],
[485,491],
[485,492],
[485,493],
[485,494],
[485,495],
[421,496],
[496,497],
[496,498],
[496,499],
[496,500],
[496,501],
[496,502],
[496,503],
[496,504],
[496,505],
[496,506],
[496,507],
[421,508],
[508,509],
[508,510],
[508,511],
[508,512],
[508,513],
[508,514],
[508,515],
[421,516],
[516,517],
[516,518],
[516,519],
[516,520],
[516,521],
[516,522],
[516,523],
[516,524],
[516,525],
[516,526],
[516,527],
[516,528],
[516,529],
[516,530],
[516,531],
[516,532],
[0,533],
[533,534],
[533,535],
[533,536],
[533,537],
[533,538],
[533,539],
[533,540],
[533,541],
[533,542],
[533,543],
[533,544],
[533,545],
[533,546],
[533,547],
[533,548],
[533,549],
[533,550],
[533,551],
[533,552],
[533,553],
[533,554],
[533,555],
[533,556],
[533,557],
[533,558],
[533,559],
[533,560],
[533,561],
[533,562],
[533,563],
[533,564],
[533,565],
[533,566],
[533,567],
[533,568],
[533,569],
[533,570],
[533,571],
[533,572],
[533,573],
[533,574],
[0,575],
[575,576],
[575,577],
[575,578],
[575,579],
[575,580],
[575,581],
[575,582],
[575,583],
[575,584],
[575,585]
]