[[0,1],
[1,2],
[0,3],
[3,4],
[4,5],
[4,6],
[3,7],
[7,8],
[7,9],
[3,10],
[10,11],
[10,12],
[3,13],
[3,14],
[14,15],
[14,16],
[14,17],
[14,18],
[3,19],
[19,20],
[19,21],
[3,22],
[22,23],
[22,24],
[22,25],
[22,26],
[3,27],
[27,28],
[27,29],
[3,30],
[30,31],
[30,32],
[30,33],
[3,34],
[34,35],
[34,36],
[34,37],
[34,38],
[34,39],
[34,40],
[34,41],
[34,42],
[34,43],
[34,44],
[34,45],
[34,46],
[34,47],
[34,48],
[34,49],
[34,50],
[0,51],
[51,52],
[51,53],
[51,54],
[51,55],
[51,56],
[51,57],
[51,58],
[51,59],
[51,60],
[51,61],
[51,62],
[51,63],
[51,64],
[51,65],
[51,66],
[51,67],
[51,68],
[51,69],
[51,70],
[51,71],
[51,72],
[51,73],
[51,74],
[51,75],
[51,76],
[51,77],
[51,78],
[51,79],
[51,80],
[51,81],
[51,82],
[51,83],
[51,84],
[51,85],
[0,86],
[86,87],
[86,88],
[86,89],
[86,90],
[90,91],
[90,92],
[86,93],
[86,94],
[86,95],
[86,96],
[86,97],
[97,98],
[97,99],
[86,100],
[100,101],
[100,102],
[100,103],
[100,104],
[100,105],
[100,106],
[100,107],
[100,108],
[100,109],
[100,110],
[100,111],
[100,112],
[100,113],
[100,114],
[100,115],
[100,116],
[0,117],
[117,118],
[117,119],
[117,120],
[117,121],
[117,122],
[117,123],
[117,124],
[117,125],
[117,126],
[117,127],
[117,128],
[117,129],
[117,130],
[117,131],
[117,132],
[117,133],
[117,134],
[117,135],
[117,136],
[117,137],
[117,138],
[117,139],
[117,140],
[117,141],
[117,142],
[117,143],
[117,144],
[117,145],
[117,146],
[117,147],
[117,148],
[117,149],
[117,150],
[117,151],
[0,152],
[152,153],
[152,154],
[154,155],
[154,156],
[154,157],
[154,158],
[152,159],
[159,160],
[159,161],
[152,162],
[162,163],
[162,164],
[162,165],
[162,166],
[162,167],
[162,168],
[162,169],
[152,170],
[170,171],
[170,172],
[152,173],
[173,174],
[173,175],
[173,176],
[173,177],
[173,178],
[152,179],
[179,180],
[179,181],
[152,182],
[182,183],
[182,184],
[182,185],
[182,186],
[182,187],
[152,188],
[188,189],
[188,190],
[188,191],
[188,192],
[188,193],
[188,194],
[188,195],
[188,196],
[188,197],
[188,198],
[188,199],
[188,200],
[188,201],
[188,202],
[188,203],
[188,204],
[152,205],
[205,206],
[205,207],
[0,208],
[208,209],
[208,210],
[208,211],
[208,212],
[208,213],
[208,214],
[208,215],
[208,216],
[208,217],
[208,218],
[208,219],
[208,220],
[208,221],
[208,222],
[208,223],
[208,224],
[208,225],
[208,226],
[208,227],
[208,228],
[208,229],
[0,230],
[230,231],
[230,232],
[230,233],
[230,234],
[234,235],
[234,236],
[230,237],
[237,238],
[237,239],
[230,240],
[240,241],
[240,242],
[230,243],
[230,244],
[244,245],
[244,246],
[230,247],
[247,248],
[247,249],
[247,250],
[247,251],
[247,252],
[247,253],
[247,254],
[247,255],
[230,256],
[256,257],
[256,258],
[256,259],
[256,260],
[256,261],
[256,262],
[256,263],
[256,264],
[256,265],
[256,266],
[256,267],
[256,268],
[256,269],
[256,270],
[256,271],
[256,272],
[0,273],
[273,274],
[273,275],
[273,276],
[273,277],
[273,278],
[273,279],
[273,280],
[273,281],
[273,282],
[273,283],
[273,284],
[273,285],
[273,286],
[273,287],
[273,288],
[273,289],
[273,290],
[273,291],
[273,292],
[273,293],
[273,294],
[273,295],
[273,296],
[273,297],
[273,298],
[273,299],
[273,300],
[273,301],
[0,302],
[302,303],
[303,304],
[303,305],
[302,306],
[306,307],
[306,308],
[306,309],
[302,310],
[302,311],
[311,312],
[311,313],
[311,314],
[302,315],
[302,316],
[316,317],
[316,318],
[302,319],
[319,320],
[319,321],
[319,322],
[302,323],
[323,324],
[323,325],
[323,326],
[323,327],
[323,328],
[323,329],
[323,330],
[323,331],
[302,332],
[332,333],
[332,334],
[332,335],
[332,336],
[332,337],
[302,338],
[338,339],
[338,340],
[338,341],
[338,342],
[338,343],
[338,344],
[338,345],
[338,346],
[338,347],
[338,348],
[338,349],
[338,350],
[338,351],
[338,352],
[338,353],
[338,354],
[0,355],
[355,356],
[355,357],
[355,358],
[355,359],
[355,360],
[355,361],
[355,362],
[355,363],
[355,364],
[355,365],
[355,366],
[355,367],
[355,368],
[355,369],
[355,370],
[355,371],
[355,372],
[355,373],
[355,374],
[355,375],
[355,376],
[355,377],
[355,378],
[355,379],
[355,380],
[355,381],
[355,382],
[355,383],
[355,384],
[355,385],
[355,386],
[355,387],
[355,388],
[355,389],
[355,390],
[355,391],
[355,392],
[355,393],
[355,394],
[0,395],
[395,396],
[395,397],
[395,398],
[395,399],
[395,400],
[395,401],
[395,402],
[395,403],
[395,404],
[395,405]
]