[[0,1],
[1,2],
[0,3],
[3,4],
[4,5],
[4,6],
[4,7],
[4,8],
[4,9],
[4,10],
[4,11],
[4,12],
[3,13],
[13,14],
[13,15],
[13,16],
[13,17],
[13,18],
[13,19],
[13,20],
[13,21],
[13,22],
[13,23],
[13,24],
[13,25],
[13,26],
[3,27],
[27,28],
[27,29],
[27,30],
[27,31],
[27,32],
[27,33],
[27,34],
[27,35],
[27,36],
[27,37],
[3,38],
[38,39],
[38,40],
[38,41],
[38,42],
[38,43],
[38,44],
[38,45],
[38,46],
[38,47],
[38,48],
[3,49],
[49,50],
[49,51],
[49,52],
[3,53],
[53,54],
[53,55],
[53,56],
[53,57],
[53,58],
[53,59],
[53,60],
[53,61],
[53,62],
[53,63],
[53,64],
[53,65],
[53,66],
[53,67],
[3,68],
[68,69],
[68,70],
[68,71],
[68,72],
[68,73],
[68,74],
[68,75],
[68,76],
[68,77],
[68,78],
[68,79],
[68,80],
[3,81],
[81,82],
[81,83],
[81,84],
[81,85],
[3,86],
[86,87],
[86,88],
[86,89],
[86,90],
[3,91],
[91,92],
[91,93],
[91,94],
[91,95],
[91,96],
[91,97],
[91,98],
[91,99],
[91,100],
[91,101],
[91,102],
[91,103],
[91,104],
[91,105],
[91,106],
[91,107],
[0,108],
[108,109],
[108,110],
[108,111],
[108,112],
[108,113],
[108,114],
[108,115],
[108,116],
[108,117],
[108,118],
[108,119],
[108,120],
[108,121],
[108,122],
[108,123],
[108,124],
[108,125],
[108,126],
[108,127],
[108,128],
[108,129],
[108,130],
[108,131],
[108,132],
[108,133],
[108,134],
[108,135],
[0,136],
[136,137],
[136,138],
[136,139],
[136,140],
[136,141],
[141,142],
[141,143],
[141,144],
[141,145],
[141,146],
[141,147],
[141,148],
[141,149],
[141,150],
[141,151],
[141,152],
[136,153],
[153,154],
[153,155],
[153,156],
[153,157],
[153,158],
[153,159],
[153,160],
[153,161],
[153,162],
[153,163],
[153,164],
[153,165],
[153,166],
[153,167],
[153,168],
[153,169],
[136,170],
[170,171],
[170,172],
[170,173],
[170,174],
[170,175],
[170,176],
[170,177],
[170,178],
[170,179],
[170,180],
[170,181],
[170,182],
[170,183],
[170,184],
[170,185],
[170,186],
[136,187],
[187,188],
[187,189],
[187,190],
[187,191],
[187,192],
[187,193],
[187,194],
[187,195],
[187,196],
[187,197],
[187,198],
[187,199],
[187,200],
[187,201],
[187,202],
[187,203],
[136,204],
[204,205],
[204,206],
[204,207],
[204,208],
[204,209],
[204,210],
[204,211],
[204,212],
[204,213],
[204,214],
[204,215],
[204,216],
[204,217],
[204,218],
[204,219],
[204,220],
[136,221],
[221,222],
[221,223],
[221,224],
[221,225],
[221,226],
[221,227],
[221,228],
[221,229],
[221,230],
[221,231],
[221,232],
[221,233],
[221,234],
[221,235],
[221,236],
[221,237],
[0,238],
[238,239],
[238,240],
[238,241],
[238,242],
[238,243],
[238,244],
[238,245],
[238,246],
[238,247],
[238,248],
[238,249],
[238,250],
[238,251],
[238,252],
[238,253],
[238,254],
[238,255],
[238,256],
[238,257],
[238,258],
[238,259],
[238,260],
[238,261],
[238,262],
[238,263],
[238,264],
[238,265],
[238,266],
[238,267],
[238,268],
[238,269],
[238,270],
[238,271],
[238,272],
[238,273],
[238,274],
[238,275],
[0,276],
[276,277],
[276,278],
[278,279],
[278,280],
[276,281],
[276,282],
[282,283],
[282,284],
[282,285],
[276,286],
[286,287],
[286,288],
[286,289],
[286,290],
[286,291],
[286,292],
[286,293],
[286,294],
[286,295],
[286,296],
[286,297],
[286,298],
[286,299],
[286,300],
[286,301],
[286,302],
[276,303],
[276,304],
[304,305],
[304,306],
[276,307],
[307,308],
[307,309],
[307,310],
[276,311],
[276,312],
[312,313],
[312,314],
[312,315],
[312,316],
[0,317],
[317,318],
[317,319],
[317,320],
[317,321],
[317,322],
[317,323],
[317,324],
[317,325],
[317,326],
[317,327],
[317,328],
[317,329],
[317,330],
[317,331],
[317,332],
[317,333],
[317,334],
[317,335],
[317,336],
[317,337],
[317,338],
[317,339],
[317,340],
[317,341],
[317,342],
[0,343],
[343,344],
[343,345],
[345,346],
[345,347],
[343,348],
[343,349],
[349,350],
[349,351],
[343,352],
[343,353],
[353,354],
[353,355],
[353,356],
[343,357],
[357,358],
[357,359],
[357,360],
[357,361],
[357,362],
[357,363],
[357,364],
[357,365],
[357,366],
[343,367],
[367,368],
[367,369],
[343,370],
[370,371],
[370,372],
[370,373],
[370,374],
[370,375],
[343,376],
[376,377],
[376,378],
[376,379],
[376,380],
[376,381],
[376,382],
[376,383],
[376,384],
[376,385],
[376,386],
[376,387],
[376,388],
[376,389],
[376,390],
[376,391],
[376,392],
[0,393],
[393,394],
[393,395],
[393,396],
[393,397],
[393,398],
[393,399],
[393,400],
[393,401],
[393,402],
[393,403],
[393,404],
[393,405],
[393,406],
[393,407],
[393,408],
[393,409],
[393,410],
[393,411],
[393,412],
[393,413],
[393,414],
[393,415],
[393,416],
[393,417],
[393,418],
[393,419],
[393,420],
[393,421],
[393,422],
[393,423],
[393,424],
[0,425],
[425,426],
[426,427],
[426,428],
[425,429],
[429,430],
[429,431],
[425,432],
[432,433],
[432,434],
[425,435],
[435,436],
[435,437],
[425,438],
[425,439],
[439,440],
[439,441],
[425,442],
[442,443],
[442,444],
[442,445],
[442,446],
[425,447],
[447,448],
[447,449],
[425,450],
[450,451],
[450,452],
[450,453],
[425,454],
[454,455],
[454,456],
[454,457],
[454,458],
[454,459],
[454,460],
[454,461],
[454,462],
[454,463],
[454,464],
[454,465],
[454,466],
[454,467],
[454,468],
[454,469],
[454,470],
[0,471],
[471,472],
[471,473],
[471,474],
[471,475],
[471,476],
[471,477],
[471,478],
[471,479],
[471,480],
[471,481],
[471,482],
[471,483],
[471,484],
[471,485],
[471,486],
[471,487],
[471,488],
[471,489],
[471,490],
[471,491],
[471,492],
[471,493],
[471,494],
[471,495],
[471,496],
[0,497],
[497,498],
[497,499],
[497,500],
[497,501],
[497,502],
[497,503],
[497,504],
[497,505],
[497,506],
[497,507]
]