[[0,1],
[1,2],
[0,3],
[3,4],
[4,5],
[4,6],
[4,7],
[4,8],
[4,9],
[4,10],
[4,11],
[4,12],
[4,13],
[4,14],
[4,15],
[4,16],
[4,17],
[4,18],
[4,19],
[4,20],
[3,21],
[21,22],
[21,23],
[21,24],
[21,25],
[21,26],
[21,27],
[21,28],
[21,29],
[21,30],
[21,31],
[21,32],
[21,33],
[21,34],
[21,35],
[21,36],
[21,37],
[3,38],
[38,39],
[38,40],
[38,41],
[38,42],
[38,43],
[38,44],
[38,45],
[38,46],
[3,47],
[47,48],
[47,49],
[47,50],
[3,51],
[51,52],
[51,53],
[51,54],
[51,55],
[51,56],
[3,57],
[57,58],
[57,59],
[57,60],
[57,61],
[57,62],
[57,63],
[57,64],
[57,65],
[57,66],
[3,67],
[67,68],
[67,69],
[67,70],
[67,71],
[67,72],
[67,73],
[67,74],
[67,75],
[67,76],
[67,77],
[3,78],
[78,79],
[78,80],
[78,81],
[3,82],
[3,83],
[83,84],
[83,85],
[83,86],
[83,87],
[83,88],
[0,89],
[89,90],
[89,91],
[89,92],
[89,93],
[89,94],
[89,95],
[89,96],
[89,97],
[0,98],
[98,99],
[99,100],
[99,101],
[99,102],
[99,103],
[99,104],
[99,105],
[99,106],
[99,107],
[99,108],
[99,109],
[99,110],
[99,111],
[99,112],
[99,113],
[99,114],
[99,115],
[98,116],
[116,117],
[116,118],
[116,119],
[116,120],
[116,121],
[116,122],
[116,123],
[116,124],
[116,125],
[116,126],
[116,127],
[116,128],
[98,129],
[129,130],
[129,131],
[129,132],
[129,133],
[98,134],
[134,135],
[134,136],
[134,137],
[134,138],
[134,139],
[134,140],
[134,141],
[134,142],
[134,143],
[134,144],
[134,145],
[134,146],
[134,147],
[134,148],
[134,149],
[134,150],
[98,151],
[151,152],
[151,153],
[151,154],
[151,155],
[151,156],
[151,157],
[151,158],
[151,159],
[151,160],
[151,161],
[151,162],
[151,163],
[151,164],
[151,165],
[151,166],
[151,167],
[98,168],
[168,169],
[168,170],
[168,171],
[168,172],
[168,173],
[168,174],
[168,175],
[168,176],
[168,177],
[168,178],
[168,179],
[168,180],
[168,181],
[98,182],
[182,183],
[182,184],
[182,185],
[182,186],
[182,187],
[182,188],
[182,189],
[182,190],
[182,191],
[182,192],
[182,193],
[182,194],
[182,195],
[182,196],
[182,197],
[182,198],
[98,199],
[98,200],
[98,201],
[0,202],
[202,203],
[202,204],
[202,205],
[202,206],
[202,207],
[202,208],
[202,209],
[0,210],
[210,211],
[211,212],
[211,213],
[210,214],
[210,215],
[215,216],
[215,217],
[215,218],
[215,219],
[210,220],
[220,221],
[220,222],
[210,223],
[223,224],
[223,225],
[210,226],
[226,227],
[226,228],
[210,229],
[229,230],
[229,231],
[229,232],
[229,233],
[229,234],
[210,235],
[235,236],
[235,237],
[210,238],
[238,239],
[238,240],
[238,241],
[238,242],
[210,243],
[243,244],
[243,245],
[243,246],
[243,247],
[243,248],
[243,249],
[243,250],
[243,251],
[243,252],
[243,253],
[243,254],
[243,255],
[243,256],
[243,257],
[243,258],
[243,259],
[0,260],
[260,261],
[260,262],
[260,263],
[260,264],
[260,265],
[260,266],
[260,267],
[260,268],
[260,269],
[260,270],
[260,271],
[260,272],
[260,273],
[260,274],
[260,275],
[260,276],
[260,277],
[260,278],
[260,279],
[260,280],
[260,281],
[260,282],
[260,283],
[260,284],
[260,285],
[260,286],
[260,287],
[260,288],
[260,289],
[0,290],
[290,291],
[291,292],
[291,293],
[291,294],
[291,295],
[291,296],
[291,297],
[290,298],
[298,299],
[298,300],
[290,301],
[301,302],
[301,303],
[301,304],
[301,305],
[290,306],
[290,307],
[307,308],
[307,309],
[307,310],
[307,311],
[307,312],
[307,313],
[307,314],
[307,315],
[307,316],
[290,317],
[317,318],
[317,319],
[290,320],
[320,321],
[320,322],
[320,323],
[320,324],
[320,325],
[320,326],
[290,327],
[290,328],
[328,329],
[328,330],
[328,331],
[328,332],
[290,333],
[333,334],
[333,335],
[333,336],
[333,337],
[333,338],
[333,339],
[333,340],
[333,341],
[333,342],
[333,343],
[333,344],
[333,345],
[333,346],
[333,347],
[333,348],
[333,349],
[0,350],
[350,351],
[350,352],
[350,353],
[350,354],
[350,355],
[350,356],
[350,357],
[350,358],
[350,359],
[350,360],
[350,361],
[350,362],
[350,363],
[350,364],
[350,365],
[350,366],
[350,367],
[350,368],
[350,369],
[350,370],
[350,371],
[350,372],
[350,373],
[350,374],
[350,375],
[350,376],
[350,377],
[350,378],
[350,379],
[350,380],
[350,381],
[350,382],
[350,383],
[350,384],
[350,385],
[350,386],
[0,387],
[387,388],
[387,389],
[387,390],
[387,391],
[387,392],
[387,393],
[387,394],
[387,395],
[387,396],
[387,397]
]