[[0,1],
[1,2],
[0,3],
[3,4],
[4,5],
[4,6],
[4,7],
[4,8],
[4,9],
[4,10],
[4,11],
[4,12],
[4,13],
[4,14],
[4,15],
[4,16],
[4,17],
[4,18],
[4,19],
[4,20],
[3,21],
[3,22],
[22,23],
[22,24],
[22,25],
[22,26],
[3,27],
[27,28],
[27,29],
[27,30],
[3,31],
[3,32],
[32,33],
[32,34],
[32,35],
[32,36],
[32,37],
[32,38],
[32,39],
[32,40],
[32,41],
[32,42],
[3,43],
[43,44],
[43,45],
[43,46],
[43,47],
[43,48],
[43,49],
[43,50],
[43,51],
[43,52],
[3,53],
[53,54],
[53,55],
[53,56],
[53,57],
[53,58],
[53,59],
[53,60],
[53,61],
[53,62],
[53,63],
[53,64],
[53,65],
[53,66],
[53,67],
[53,68],
[53,69],
[3,70],
[70,71],
[70,72],
[70,73],
[70,74],
[70,75],
[3,76],
[76,77],
[76,78],
[76,79],
[76,80],
[76,81],
[76,82],
[76,83],
[76,84],
[76,85],
[76,86],
[76,87],
[0,88],
[88,89],
[88,90],
[88,91],
[88,92],
[88,93],
[88,94],
[88,95],
[88,96],
[88,97],
[88,98],
[88,99],
[88,100],
[88,101],
[88,102],
[88,103],
[88,104],
[88,105],
[88,106],
[88,107],
[88,108],
[88,109],
[88,110],
[88,111],
[88,112],
[88,113],
[88,114],
[88,115],
[88,116],
[88,117],
[0,118],
[118,119],
[118,120],
[118,121],
[118,122],
[118,123],
[123,124],
[123,125],
[123,126],
[123,127],
[123,128],
[123,129],
[123,130],
[123,131],
[123,132],
[123,133],
[123,134],
[123,135],
[123,136],
[118,137],
[137,138],
[137,139],
[137,140],
[137,141],
[137,142],
[137,143],
[137,144],
[137,145],
[137,146],
[137,147],
[137,148],
[137,149],
[137,150],
[137,151],
[137,152],
[137,153],
[118,154],
[154,155],
[154,156],
[154,157],
[154,158],
[154,159],
[154,160],
[154,161],
[154,162],
[154,163],
[154,164],
[154,165],
[154,166],
[154,167],
[154,168],
[154,169],
[154,170],
[118,171],
[171,172],
[171,173],
[171,174],
[171,175],
[171,176],
[171,177],
[171,178],
[171,179],
[171,180],
[171,181],
[171,182],
[171,183],
[171,184],
[171,185],
[171,186],
[171,187],
[118,188],
[188,189],
[188,190],
[188,191],
[188,192],
[188,193],
[188,194],
[188,195],
[188,196],
[188,197],
[188,198],
[188,199],
[188,200],
[188,201],
[188,202],
[188,203],
[188,204],
[118,205],
[205,206],
[205,207],
[205,208],
[205,209],
[205,210],
[205,211],
[205,212],
[205,213],
[205,214],
[205,215],
[205,216],
[205,217],
[205,218],
[205,219],
[205,220],
[205,221],
[0,222],
[222,223],
[222,224],
[222,225],
[222,226],
[222,227],
[222,228],
[222,229],
[222,230],
[222,231],
[222,232],
[222,233],
[222,234],
[222,235],
[222,236],
[222,237],
[222,238],
[222,239],
[222,240],
[222,241],
[222,242],
[222,243],
[222,244],
[222,245],
[222,246],
[222,247],
[222,248],
[222,249],
[222,250],
[222,251],
[222,252],
[222,253],
[222,254],
[222,255],
[222,256],
[222,257],
[222,258],
[222,259],
[222,260],
[0,261],
[261,262],
[261,263],
[261,264],
[261,265],
[261,266],
[266,267],
[266,268],
[266,269],
[266,270],
[266,271],
[266,272],
[266,273],
[266,274],
[266,275],
[266,276],
[266,277],
[266,278],
[266,279],
[266,280],
[266,281],
[266,282],
[261,283],
[261,284],
[261,285],
[261,286],
[286,287],
[286,288],
[261,289],
[289,290],
[289,291],
[0,292],
[292,293],
[292,294],
[292,295],
[292,296],
[292,297],
[292,298],
[292,299],
[292,300],
[292,301],
[292,302],
[292,303],
[292,304],
[292,305],
[292,306],
[292,307],
[292,308],
[292,309],
[292,310],
[292,311],
[292,312],
[0,313],
[313,314],
[313,315],
[313,316],
[313,317],
[313,318],
[313,319],
[313,320],
[320,321],
[320,322],
[320,323],
[320,324],
[320,325],
[320,326],
[320,327],
[320,328],
[320,329],
[320,330],
[320,331],
[320,332],
[320,333],
[320,334],
[320,335],
[320,336],
[313,337],
[337,338],
[337,339],
[337,340],
[337,341],
[337,342],
[337,343],
[337,344],
[337,345],
[337,346],
[337,347],
[337,348],
[337,349],
[337,350],
[337,351],
[337,352],
[337,353],
[313,354],
[354,355],
[354,356],
[354,357],
[354,358],
[354,359],
[354,360],
[354,361],
[354,362],
[354,363],
[354,364],
[354,365],
[354,366],
[354,367],
[354,368],
[354,369],
[354,370],
[313,371],
[371,372],
[371,373],
[371,374],
[371,375],
[371,376],
[371,377],
[371,378],
[371,379],
[371,380],
[371,381],
[371,382],
[371,383],
[371,384],
[371,385],
[371,386],
[371,387],
[0,388],
[388,389],
[388,390],
[388,391],
[388,392],
[388,393],
[388,394],
[388,395],
[388,396],
[388,397],
[388,398],
[388,399],
[388,400],
[388,401],
[388,402],
[388,403],
[388,404],
[388,405],
[388,406],
[388,407],
[388,408],
[388,409],
[388,410],
[388,411],
[388,412],
[388,413],
[388,414],
[388,415],
[388,416],
[388,417],
[388,418],
[388,419],
[388,420],
[388,421],
[388,422],
[388,423],
[388,424],
[388,425],
[0,426],
[426,427],
[427,428],
[427,429],
[427,430],
[427,431],
[427,432],
[427,433],
[427,434],
[427,435],
[427,436],
[427,437],
[427,438],
[427,439],
[427,440],
[427,441],
[427,442],
[427,443],
[426,444],
[444,445],
[444,446],
[444,447],
[444,448],
[444,449],
[444,450],
[444,451],
[444,452],
[444,453],
[444,454],
[444,455],
[444,456],
[444,457],
[444,458],
[444,459],
[444,460],
[426,461],
[461,462],
[461,463],
[461,464],
[461,465],
[461,466],
[461,467],
[461,468],
[461,469],
[461,470],
[461,471],
[461,472],
[461,473],
[461,474],
[461,475],
[461,476],
[461,477],
[426,478],
[478,479],
[478,480],
[478,481],
[478,482],
[478,483],
[478,484],
[478,485],
[478,486],
[478,487],
[478,488],
[478,489],
[478,490],
[478,491],
[478,492],
[478,493],
[478,494],
[426,495],
[495,496],
[495,497],
[495,498],
[495,499],
[495,500],
[495,501],
[495,502],
[495,503],
[495,504],
[495,505],
[495,506],
[495,507],
[495,508],
[495,509],
[495,510],
[495,511],
[426,512],
[512,513],
[512,514],
[512,515],
[512,516],
[512,517],
[512,518],
[512,519],
[512,520],
[512,521],
[512,522],
[512,523],
[512,524],
[512,525],
[512,526],
[512,527],
[512,528],
[426,529],
[529,530],
[529,531],
[529,532],
[529,533],
[529,534],
[529,535],
[529,536],
[529,537],
[529,538],
[529,539],
[529,540],
[529,541],
[529,542],
[529,543],
[529,544],
[529,545],
[426,546],
[546,547],
[546,548],
[546,549],
[546,550],
[546,551],
[546,552],
[546,553],
[546,554],
[546,555],
[546,556],
[546,557],
[546,558],
[546,559],
[546,560],
[546,561],
[546,562],
[426,563],
[563,564],
[563,565],
[563,566],
[563,567],
[563,568],
[563,569],
[563,570],
[563,571],
[563,572],
[563,573],
[563,574],
[563,575],
[563,576],
[563,577],
[563,578],
[563,579],
[426,580],
[580,581],
[580,582],
[580,583],
[580,584],
[580,585],
[580,586],
[580,587],
[580,588],
[580,589],
[580,590],
[580,591],
[580,592],
[580,593],
[580,594],
[580,595],
[580,596],
[0,597],
[597,598],
[597,599],
[597,600],
[597,601],
[597,602],
[597,603],
[597,604],
[597,605],
[597,606],
[597,607],
[597,608],
[597,609],
[597,610],
[597,611],
[597,612],
[597,613],
[597,614],
[597,615],
[597,616],
[597,617],
[597,618],
[597,619],
[597,620],
[597,621],
[597,622],
[597,623],
[597,624],
[597,625],
[597,626],
[597,627],
[597,628],
[597,629],
[597,630],
[597,631],
[597,632],
[597,633],
[597,634],
[597,635],
[597,636],
[597,637],
[597,638],
[597,639],
[0,640],
[640,641],
[640,642],
[640,643],
[640,644],
[640,645],
[640,646],
[640,647],
[640,648],
[640,649],
[640,650]
]