[[0,1],
[1,2],
[0,3],
[3,4],
[4,5],
[4,6],
[4,7],
[4,8],
[4,9],
[4,10],
[4,11],
[4,12],
[4,13],
[4,14],
[4,15],
[4,16],
[4,17],
[4,18],
[4,19],
[4,20],
[3,21],
[3,22],
[22,23],
[22,24],
[22,25],
[22,26],
[22,27],
[22,28],
[22,29],
[22,30],
[22,31],
[22,32],
[22,33],
[22,34],
[22,35],
[22,36],
[22,37],
[22,38],
[3,39],
[39,40],
[39,41],
[39,42],
[39,43],
[39,44],
[3,45],
[45,46],
[45,47],
[45,48],
[45,49],
[45,50],
[45,51],
[45,52],
[45,53],
[45,54],
[45,55],
[45,56],
[45,57],
[45,58],
[45,59],
[45,60],
[45,61],
[3,62],
[62,63],
[62,64],
[62,65],
[62,66],
[62,67],
[62,68],
[62,69],
[62,70],
[62,71],
[3,72],
[72,73],
[72,74],
[72,75],
[72,76],
[72,77],
[72,78],
[72,79],
[72,80],
[72,81],
[72,82],
[72,83],
[72,84],
[3,85],
[3,86],
[3,87],
[0,88],
[88,89],
[88,90],
[88,91],
[88,92],
[88,93],
[88,94],
[0,95],
[95,96],
[96,97],
[96,98],
[96,99],
[96,100],
[96,101],
[96,102],
[96,103],
[96,104],
[96,105],
[96,106],
[96,107],
[96,108],
[96,109],
[96,110],
[96,111],
[96,112],
[95,113],
[95,114],
[114,115],
[114,116],
[95,117],
[117,118],
[117,119],
[95,120],
[120,121],
[120,122],
[95,123],
[95,124],
[95,125],
[95,126],
[126,127],
[126,128],
[95,129],
[0,130],
[130,131],
[130,132],
[130,133],
[130,134],
[130,135],
[130,136],
[130,137],
[130,138],
[0,139],
[139,140],
[139,141],
[141,142],
[141,143],
[141,144],
[141,145],
[141,146],
[139,147],
[147,148],
[147,149],
[147,150],
[139,151],
[151,152],
[151,153],
[139,154],
[154,155],
[154,156],
[154,157],
[154,158],
[154,159],
[139,160],
[139,161],
[161,162],
[161,163],
[161,164],
[139,165],
[165,166],
[165,167],
[165,168],
[165,169],
[165,170],
[165,171],
[165,172],
[165,173],
[165,174],
[165,175],
[165,176],
[165,177],
[165,178],
[165,179],
[165,180],
[165,181],
[139,182],
[182,183],
[182,184],
[182,185],
[182,186],
[139,187],
[187,188],
[187,189],
[187,190],
[187,191],
[0,192],
[192,193],
[192,194],
[192,195],
[192,196],
[192,197],
[192,198],
[192,199],
[192,200],
[192,201],
[192,202],
[192,203],
[192,204],
[192,205],
[192,206],
[192,207],
[192,208],
[192,209],
[192,210],
[192,211],
[192,212],
[192,213],
[192,214],
[192,215],
[192,216],
[192,217],
[192,218],
[192,219],
[192,220],
[192,221],
[192,222],
[192,223],
[192,224],
[192,225],
[192,226],
[192,227],
[192,228],
[192,229],
[192,230],
[192,231],
[0,232],
[232,233],
[233,234],
[233,235],
[233,236],
[233,237],
[233,238],
[233,239],
[233,240],
[233,241],
[233,242],
[233,243],
[233,244],
[233,245],
[233,246],
[233,247],
[233,248],
[233,249],
[232,250],
[250,251],
[250,252],
[250,253],
[250,254],
[232,255],
[255,256],
[255,257],
[232,258],
[258,259],
[258,260],
[232,261],
[261,262],
[261,263],
[261,264],
[261,265],
[232,266],
[266,267],
[266,268],
[266,269],
[266,270],
[232,271],
[271,272],
[271,273],
[271,274],
[271,275],
[271,276],
[271,277],
[271,278],
[271,279],
[271,280],
[271,281],
[271,282],
[271,283],
[271,284],
[271,285],
[271,286],
[271,287],
[232,288],
[288,289],
[288,290],
[288,291],
[288,292],
[288,293],
[288,294],
[288,295],
[288,296],
[288,297],
[288,298],
[288,299],
[288,300],
[288,301],
[288,302],
[288,303],
[288,304],
[232,305],
[305,306],
[305,307],
[305,308],
[305,309],
[305,310],
[232,311],
[311,312],
[311,313],
[311,314],
[311,315],
[311,316],
[311,317],
[311,318],
[311,319],
[311,320],
[0,321],
[321,322],
[321,323],
[321,324],
[321,325],
[321,326],
[321,327],
[321,328],
[321,329],
[321,330],
[321,331],
[321,332],
[321,333],
[321,334],
[321,335],
[321,336],
[321,337],
[321,338],
[321,339],
[321,340],
[321,341],
[321,342],
[321,343],
[321,344],
[321,345],
[321,346],
[321,347],
[321,348],
[321,349],
[321,350],
[0,351],
[351,352],
[351,353],
[351,354],
[351,355],
[351,356],
[351,357],
[351,358],
[351,359],
[351,360],
[351,361]
]