[[0,1],
[1,2],
[0,3],
[3,4],
[4,5],
[4,6],
[4,7],
[4,8],
[4,9],
[4,10],
[4,11],
[4,12],
[4,13],
[4,14],
[4,15],
[4,16],
[3,17],
[17,18],
[17,19],
[17,20],
[3,21],
[21,22],
[21,23],
[21,24],
[3,25],
[25,26],
[25,27],
[25,28],
[25,29],
[25,30],
[25,31],
[25,32],
[25,33],
[25,34],
[3,35],
[35,36],
[35,37],
[35,38],
[35,39],
[35,40],
[3,41],
[41,42],
[41,43],
[41,44],
[3,45],
[45,46],
[45,47],
[3,48],
[48,49],
[48,50],
[3,51],
[51,52],
[51,53],
[51,54],
[51,55],
[51,56],
[51,57],
[51,58],
[51,59],
[51,60],
[51,61],
[51,62],
[51,63],
[51,64],
[51,65],
[51,66],
[51,67],
[3,68],
[68,69],
[68,70],
[68,71],
[0,72],
[72,73],
[72,74],
[72,75],
[72,76],
[72,77],
[72,78],
[72,79],
[72,80],
[72,81],
[72,82],
[72,83],
[72,84],
[72,85],
[72,86],
[72,87],
[72,88],
[72,89],
[72,90],
[72,91],
[72,92],
[72,93],
[72,94],
[72,95],
[72,96],
[72,97],
[72,98],
[72,99],
[72,100],
[72,101],
[72,102],
[72,103],
[72,104],
[72,105],
[72,106],
[72,107],
[72,108],
[72,109],
[72,110],
[72,111],
[72,112],
[72,113],
[72,114],
[72,115],
[72,116],
[72,117],
[72,118],
[72,119],
[72,120],
[72,121],
[72,122],
[72,123],
[72,124],
[72,125],
[72,126],
[0,127],
[127,128],
[128,129],
[128,130],
[127,131],
[131,132],
[131,133],
[127,134],
[127,135],
[135,136],
[135,137],
[135,138],
[127,139],
[139,140],
[139,141],
[139,142],
[139,143],
[139,144],
[139,145],
[127,146],
[127,147],
[147,148],
[147,149],
[147,150],
[147,151],
[147,152],
[147,153],
[147,154],
[147,155],
[147,156],
[147,157],
[147,158],
[147,159],
[147,160],
[147,161],
[147,162],
[147,163],
[127,164],
[164,165],
[164,166],
[164,167],
[127,168],
[168,169],
[168,170],
[168,171],
[168,172],
[168,173],
[127,174],
[174,175],
[174,176],
[174,177],
[174,178],
[0,179],
[179,180],
[179,181],
[179,182],
[179,183],
[179,184],
[179,185],
[179,186],
[179,187],
[179,188],
[179,189],
[179,190],
[179,191],
[179,192],
[179,193],
[179,194],
[179,195],
[179,196],
[179,197],
[179,198],
[179,199],
[179,200],
[179,201],
[179,202],
[179,203],
[179,204],
[179,205],
[179,206],
[179,207],
[179,208],
[179,209],
[0,210],
[210,211],
[211,212],
[211,213],
[211,214],
[211,215],
[211,216],
[211,217],
[211,218],
[211,219],
[211,220],
[211,221],
[210,222],
[222,223],
[222,224],
[222,225],
[222,226],
[222,227],
[222,228],
[222,229],
[222,230],
[222,231],
[222,232],
[210,233],
[233,234],
[233,235],
[233,236],
[210,237],
[237,238],
[237,239],
[237,240],
[237,241],
[237,242],
[237,243],
[237,244],
[237,245],
[237,246],
[237,247],
[237,248],
[210,249],
[249,250],
[249,251],
[249,252],
[249,253],
[210,254],
[254,255],
[254,256],
[254,257],
[254,258],
[254,259],
[254,260],
[254,261],
[254,262],
[254,263],
[210,264],
[264,265],
[264,266],
[264,267],
[264,268],
[264,269],
[264,270],
[264,271],
[264,272],
[264,273],
[264,274],
[264,275],
[264,276],
[264,277],
[264,278],
[264,279],
[264,280],
[210,281],
[281,282],
[281,283],
[281,284],
[281,285],
[281,286],
[281,287],
[281,288],
[281,289],
[281,290],
[281,291],
[281,292],
[281,293],
[210,294],
[294,295],
[294,296],
[294,297],
[294,298],
[294,299],
[294,300],
[294,301],
[294,302],
[294,303],
[210,304],
[304,305],
[304,306],
[304,307],
[304,308],
[304,309],
[0,310],
[310,311],
[310,312],
[310,313],
[310,314],
[310,315],
[310,316],
[310,317],
[310,318],
[310,319],
[310,320],
[310,321],
[310,322],
[310,323],
[310,324],
[310,325],
[310,326],
[310,327],
[310,328],
[310,329],
[310,330],
[310,331],
[0,332],
[332,333],
[333,334],
[333,335],
[333,336],
[333,337],
[333,338],
[333,339],
[333,340],
[333,341],
[333,342],
[333,343],
[333,344],
[333,345],
[333,346],
[333,347],
[333,348],
[333,349],
[332,350],
[350,351],
[350,352],
[350,353],
[350,354],
[350,355],
[350,356],
[350,357],
[350,358],
[350,359],
[350,360],
[350,361],
[350,362],
[350,363],
[350,364],
[350,365],
[350,366],
[332,367],
[367,368],
[367,369],
[367,370],
[367,371],
[367,372],
[367,373],
[367,374],
[367,375],
[367,376],
[367,377],
[367,378],
[367,379],
[367,380],
[367,381],
[367,382],
[367,383],
[332,384],
[384,385],
[384,386],
[384,387],
[384,388],
[384,389],
[384,390],
[384,391],
[384,392],
[384,393],
[384,394],
[384,395],
[384,396],
[384,397],
[384,398],
[384,399],
[384,400],
[332,401],
[401,402],
[401,403],
[401,404],
[401,405],
[401,406],
[401,407],
[401,408],
[401,409],
[401,410],
[401,411],
[401,412],
[401,413],
[401,414],
[401,415],
[401,416],
[401,417],
[332,418],
[418,419],
[418,420],
[418,421],
[418,422],
[418,423],
[418,424],
[332,425],
[425,426],
[425,427],
[425,428],
[425,429],
[425,430],
[425,431],
[425,432],
[425,433],
[425,434],
[425,435],
[425,436],
[425,437],
[425,438],
[425,439],
[425,440],
[425,441],
[332,442],
[442,443],
[442,444],
[442,445],
[442,446],
[442,447],
[442,448],
[442,449],
[442,450],
[442,451],
[442,452],
[442,453],
[442,454],
[442,455],
[442,456],
[442,457],
[442,458],
[332,459],
[459,460],
[459,461],
[459,462],
[459,463],
[459,464],
[459,465],
[459,466],
[459,467],
[459,468],
[459,469],
[459,470],
[459,471],
[459,472],
[459,473],
[459,474],
[459,475],
[332,476],
[476,477],
[476,478],
[476,479],
[476,480],
[476,481],
[476,482],
[476,483],
[476,484],
[476,485],
[476,486],
[476,487],
[476,488],
[476,489],
[476,490],
[476,491],
[476,492],
[0,493],
[493,494],
[493,495],
[493,496],
[493,497],
[493,498],
[493,499],
[493,500],
[493,501],
[493,502],
[493,503],
[493,504],
[493,505],
[493,506],
[493,507],
[493,508],
[493,509],
[493,510],
[493,511],
[493,512],
[493,513],
[493,514],
[493,515],
[493,516],
[493,517],
[493,518],
[493,519],
[0,520],
[520,521],
[521,522],
[521,523],
[521,524],
[521,525],
[521,526],
[521,527],
[521,528],
[521,529],
[521,530],
[521,531],
[521,532],
[521,533],
[521,534],
[521,535],
[521,536],
[521,537],
[520,538],
[538,539],
[538,540],
[538,541],
[538,542],
[538,543],
[538,544],
[538,545],
[538,546],
[538,547],
[538,548],
[538,549],
[538,550],
[538,551],
[538,552],
[538,553],
[538,554],
[520,555],
[555,556],
[555,557],
[555,558],
[555,559],
[555,560],
[555,561],
[555,562],
[520,563],
[563,564],
[563,565],
[563,566],
[563,567],
[563,568],
[563,569],
[563,570],
[563,571],
[563,572],
[563,573],
[563,574],
[563,575],
[563,576],
[563,577],
[563,578],
[563,579],
[520,580],
[580,581],
[580,582],
[580,583],
[580,584],
[580,585],
[580,586],
[580,587],
[580,588],
[580,589],
[580,590],
[580,591],
[580,592],
[580,593],
[580,594],
[520,595],
[595,596],
[595,597],
[595,598],
[595,599],
[595,600],
[595,601],
[595,602],
[595,603],
[595,604],
[595,605],
[595,606],
[595,607],
[595,608],
[595,609],
[520,610],
[610,611],
[610,612],
[610,613],
[610,614],
[610,615],
[610,616],
[610,617],
[610,618],
[610,619],
[610,620],
[610,621],
[610,622],
[610,623],
[610,624],
[610,625],
[610,626],
[520,627],
[627,628],
[627,629],
[627,630],
[627,631],
[627,632],
[627,633],
[627,634],
[627,635],
[627,636],
[627,637],
[627,638],
[627,639],
[627,640],
[627,641],
[627,642],
[627,643],
[520,644],
[644,645],
[644,646],
[644,647],
[644,648],
[644,649],
[644,650],
[644,651],
[644,652],
[644,653],
[644,654],
[644,655],
[644,656],
[644,657],
[644,658],
[644,659],
[644,660],
[520,661],
[661,662],
[661,663],
[661,664],
[661,665],
[661,666],
[661,667],
[661,668],
[661,669],
[661,670],
[661,671],
[661,672],
[661,673],
[661,674],
[661,675],
[661,676],
[661,677],
[0,678],
[678,679],
[678,680],
[678,681],
[678,682],
[678,683],
[678,684],
[678,685],
[678,686],
[678,687],
[678,688],
[678,689],
[678,690],
[678,691],
[678,692],
[678,693],
[678,694],
[678,695],
[678,696],
[678,697],
[678,698],
[678,699],
[678,700],
[678,701],
[678,702],
[678,703],
[678,704],
[678,705],
[678,706],
[678,707],
[678,708],
[678,709],
[678,710],
[678,711],
[0,712],
[712,713],
[712,714],
[712,715],
[712,716],
[712,717],
[712,718],
[712,719],
[712,720],
[712,721],
[712,722]
]