[[0,1],
[1,2],
[0,3],
[3,4],
[3,5],
[3,6],
[3,7],
[3,8],
[3,9],
[3,10],
[10,11],
[10,12],
[10,13],
[3,14],
[3,15],
[15,16],
[15,17],
[15,18],
[3,19],
[19,20],
[19,21],
[19,22],
[19,23],
[19,24],
[19,25],
[19,26],
[19,27],
[19,28],
[19,29],
[19,30],
[19,31],
[19,32],
[19,33],
[19,34],
[19,35],
[0,36],
[36,37],
[36,38],
[36,39],
[36,40],
[36,41],
[36,42],
[36,43],
[36,44],
[36,45],
[36,46],
[36,47],
[36,48],
[36,49],
[36,50],
[36,51],
[36,52],
[36,53],
[36,54],
[36,55],
[36,56],
[36,57],
[36,58],
[36,59],
[36,60],
[36,61],
[36,62],
[36,63],
[36,64],
[36,65],
[36,66],
[36,67],
[36,68],
[36,69],
[36,70],
[0,71],
[71,72],
[72,73],
[72,74],
[71,75],
[71,76],
[71,77],
[71,78],
[78,79],
[78,80],
[71,81],
[81,82],
[81,83],
[71,84],
[84,85],
[84,86],
[71,87],
[87,88],
[87,89],
[71,90],
[71,91],
[91,92],
[91,93],
[91,94],
[91,95],
[91,96],
[91,97],
[91,98],
[91,99],
[91,100],
[91,101],
[91,102],
[91,103],
[91,104],
[91,105],
[91,106],
[91,107],
[0,108],
[108,109],
[108,110],
[108,111],
[108,112],
[108,113],
[108,114],
[108,115],
[108,116],
[108,117],
[108,118],
[108,119],
[108,120],
[108,121],
[108,122],
[108,123],
[108,124],
[108,125],
[108,126],
[108,127],
[108,128],
[108,129],
[108,130],
[108,131],
[108,132],
[0,133],
[133,134],
[134,135],
[134,136],
[133,137],
[137,138],
[137,139],
[133,140],
[140,141],
[140,142],
[140,143],
[133,144],
[144,145],
[144,146],
[144,147],
[144,148],
[133,149],
[149,150],
[149,151],
[149,152],
[133,153],
[153,154],
[153,155],
[133,156],
[156,157],
[156,158],
[133,159],
[159,160],
[159,161],
[159,162],
[159,163],
[133,164],
[164,165],
[164,166],
[164,167],
[133,168],
[168,169],
[168,170],
[168,171],
[168,172],
[168,173],
[168,174],
[168,175],
[168,176],
[168,177],
[168,178],
[168,179],
[168,180],
[168,181],
[168,182],
[168,183],
[168,184],
[0,185],
[185,186],
[185,187],
[185,188],
[185,189],
[185,190],
[185,191],
[185,192],
[185,193],
[185,194],
[185,195],
[185,196],
[185,197],
[185,198],
[185,199],
[185,200],
[185,201],
[185,202],
[185,203],
[185,204],
[185,205],
[185,206],
[185,207],
[185,208],
[185,209],
[185,210],
[0,211],
[211,212],
[211,213],
[211,214],
[211,215],
[211,216],
[216,217],
[216,218],
[216,219],
[211,220],
[211,221],
[211,222],
[211,223],
[211,224],
[224,225],
[224,226],
[224,227],
[224,228],
[224,229],
[224,230],
[224,231],
[224,232],
[224,233],
[224,234],
[224,235],
[224,236],
[224,237],
[224,238],
[224,239],
[224,240],
[0,241],
[241,242],
[241,243],
[241,244],
[241,245],
[241,246],
[241,247],
[241,248],
[241,249],
[241,250],
[241,251],
[241,252],
[241,253],
[241,254],
[241,255],
[241,256],
[241,257],
[241,258],
[241,259],
[241,260],
[241,261],
[241,262],
[241,263],
[241,264],
[241,265],
[241,266],
[241,267],
[241,268],
[241,269],
[241,270],
[241,271],
[0,272],
[272,273],
[273,274],
[273,275],
[273,276],
[272,277],
[277,278],
[277,279],
[277,280],
[272,281],
[281,282],
[281,283],
[281,284],
[281,285],
[281,286],
[281,287],
[281,288],
[281,289],
[272,290],
[290,291],
[290,292],
[290,293],
[272,294],
[294,295],
[294,296],
[294,297],
[294,298],
[294,299],
[294,300],
[294,301],
[294,302],
[294,303],
[272,304],
[304,305],
[304,306],
[304,307],
[304,308],
[304,309],
[272,310],
[310,311],
[310,312],
[310,313],
[310,314],
[310,315],
[310,316],
[310,317],
[272,318],
[318,319],
[318,320],
[272,321],
[321,322],
[321,323],
[321,324],
[321,325],
[321,326],
[321,327],
[321,328],
[321,329],
[321,330],
[321,331],
[272,332],
[332,333],
[332,334],
[332,335],
[332,336],
[332,337],
[332,338],
[332,339],
[332,340],
[332,341],
[332,342],
[332,343],
[332,344],
[332,345],
[332,346],
[332,347],
[332,348],
[0,349],
[349,350],
[349,351],
[349,352],
[349,353],
[349,354],
[349,355],
[349,356],
[349,357],
[349,358],
[349,359],
[349,360],
[349,361],
[349,362],
[349,363],
[349,364],
[349,365],
[349,366],
[349,367],
[349,368],
[349,369],
[349,370],
[349,371],
[349,372],
[349,373],
[349,374],
[349,375],
[349,376],
[349,377],
[349,378],
[349,379],
[349,380],
[0,381],
[381,382],
[381,383],
[381,384],
[381,385],
[381,386],
[381,387],
[381,388],
[381,389],
[381,390],
[381,391]
]