[[0,1],
[1,2],
[0,3],
[3,4],
[4,5],
[4,6],
[4,7],
[4,8],
[4,9],
[4,10],
[4,11],
[4,12],
[4,13],
[4,14],
[3,15],
[15,16],
[15,17],
[15,18],
[15,19],
[15,20],
[15,21],
[15,22],
[15,23],
[15,24],
[15,25],
[15,26],
[15,27],
[15,28],
[15,29],
[15,30],
[15,31],
[3,32],
[32,33],
[32,34],
[32,35],
[32,36],
[32,37],
[32,38],
[32,39],
[32,40],
[32,41],
[32,42],
[32,43],
[32,44],
[32,45],
[32,46],
[32,47],
[32,48],
[3,49],
[49,50],
[49,51],
[49,52],
[49,53],
[3,54],
[54,55],
[54,56],
[54,57],
[54,58],
[54,59],
[54,60],
[3,61],
[61,62],
[61,63],
[61,64],
[61,65],
[61,66],
[61,67],
[61,68],
[61,69],
[61,70],
[61,71],
[3,72],
[72,73],
[72,74],
[72,75],
[72,76],
[3,77],
[77,78],
[77,79],
[77,80],
[77,81],
[77,82],
[3,83],
[83,84],
[83,85],
[83,86],
[83,87],
[83,88],
[3,89],
[89,90],
[89,91],
[89,92],
[89,93],
[89,94],
[89,95],
[89,96],
[89,97],
[89,98],
[89,99],
[89,100],
[89,101],
[89,102],
[89,103],
[89,104],
[89,105],
[0,106],
[106,107],
[106,108],
[106,109],
[106,110],
[106,111],
[106,112],
[106,113],
[106,114],
[106,115],
[106,116],
[106,117],
[106,118],
[106,119],
[106,120],
[106,121],
[106,122],
[106,123],
[106,124],
[106,125],
[106,126],
[106,127],
[106,128],
[106,129],
[106,130],
[106,131],
[106,132],
[106,133],
[106,134],
[106,135],
[106,136],
[106,137],
[106,138],
[106,139],
[106,140],
[106,141],
[106,142],
[106,143],
[106,144],
[106,145],
[0,146],
[146,147],
[147,148],
[147,149],
[147,150],
[147,151],
[147,152],
[147,153],
[147,154],
[147,155],
[147,156],
[146,157],
[157,158],
[157,159],
[157,160],
[157,161],
[157,162],
[157,163],
[157,164],
[157,165],
[157,166],
[157,167],
[157,168],
[157,169],
[146,170],
[170,171],
[170,172],
[170,173],
[170,174],
[170,175],
[170,176],
[170,177],
[170,178],
[170,179],
[170,180],
[170,181],
[170,182],
[170,183],
[170,184],
[170,185],
[170,186],
[146,187],
[187,188],
[187,189],
[187,190],
[187,191],
[187,192],
[187,193],
[187,194],
[187,195],
[187,196],
[187,197],
[187,198],
[187,199],
[187,200],
[187,201],
[187,202],
[187,203],
[146,204],
[204,205],
[204,206],
[204,207],
[204,208],
[204,209],
[204,210],
[204,211],
[204,212],
[204,213],
[204,214],
[204,215],
[204,216],
[146,217],
[217,218],
[217,219],
[217,220],
[217,221],
[217,222],
[217,223],
[217,224],
[217,225],
[217,226],
[217,227],
[217,228],
[217,229],
[217,230],
[146,231],
[231,232],
[231,233],
[231,234],
[231,235],
[231,236],
[231,237],
[146,238],
[238,239],
[238,240],
[238,241],
[238,242],
[238,243],
[238,244],
[238,245],
[238,246],
[238,247],
[238,248],
[238,249],
[146,250],
[250,251],
[250,252],
[250,253],
[250,254],
[250,255],
[250,256],
[250,257],
[250,258],
[250,259],
[250,260],
[250,261],
[250,262],
[146,263],
[263,264],
[263,265],
[263,266],
[263,267],
[263,268],
[263,269],
[263,270],
[263,271],
[263,272],
[263,273],
[263,274],
[263,275],
[263,276],
[263,277],
[0,278],
[278,279],
[278,280],
[278,281],
[278,282],
[278,283],
[278,284],
[278,285],
[278,286],
[278,287],
[278,288],
[278,289],
[278,290],
[278,291],
[278,292],
[278,293],
[278,294],
[278,295],
[278,296],
[278,297],
[278,298],
[278,299],
[278,300],
[278,301],
[278,302],
[278,303],
[278,304],
[278,305],
[278,306],
[0,307],
[307,308],
[308,309],
[308,310],
[308,311],
[308,312],
[308,313],
[308,314],
[308,315],
[308,316],
[308,317],
[308,318],
[308,319],
[308,320],
[308,321],
[308,322],
[308,323],
[308,324],
[307,325],
[325,326],
[325,327],
[325,328],
[325,329],
[325,330],
[325,331],
[325,332],
[325,333],
[325,334],
[307,335],
[335,336],
[335,337],
[335,338],
[335,339],
[335,340],
[335,341],
[335,342],
[335,343],
[335,344],
[335,345],
[335,346],
[335,347],
[335,348],
[335,349],
[335,350],
[335,351],
[307,352],
[352,353],
[352,354],
[352,355],
[352,356],
[352,357],
[352,358],
[352,359],
[352,360],
[352,361],
[352,362],
[352,363],
[352,364],
[352,365],
[352,366],
[352,367],
[352,368],
[307,369],
[369,370],
[369,371],
[369,372],
[369,373],
[369,374],
[369,375],
[369,376],
[369,377],
[369,378],
[369,379],
[369,380],
[369,381],
[369,382],
[369,383],
[369,384],
[369,385],
[307,386],
[386,387],
[386,388],
[386,389],
[386,390],
[386,391],
[386,392],
[386,393],
[386,394],
[386,395],
[386,396],
[386,397],
[386,398],
[386,399],
[386,400],
[386,401],
[386,402],
[307,403],
[403,404],
[403,405],
[403,406],
[403,407],
[403,408],
[403,409],
[403,410],
[403,411],
[403,412],
[403,413],
[307,414],
[414,415],
[414,416],
[414,417],
[414,418],
[414,419],
[414,420],
[414,421],
[414,422],
[414,423],
[414,424],
[414,425],
[414,426],
[414,427],
[414,428],
[414,429],
[307,430],
[430,431],
[430,432],
[430,433],
[430,434],
[430,435],
[430,436],
[430,437],
[430,438],
[430,439],
[430,440],
[430,441],
[430,442],
[430,443],
[430,444],
[430,445],
[430,446],
[307,447],
[447,448],
[447,449],
[447,450],
[447,451],
[447,452],
[447,453],
[447,454],
[447,455],
[447,456],
[447,457],
[447,458],
[447,459],
[447,460],
[447,461],
[447,462],
[447,463],
[0,464],
[464,465],
[464,466],
[464,467],
[464,468],
[464,469],
[464,470],
[464,471],
[464,472],
[464,473],
[464,474],
[464,475],
[464,476],
[464,477],
[464,478],
[464,479],
[464,480],
[464,481],
[464,482],
[464,483],
[464,484],
[464,485],
[464,486],
[464,487],
[0,488],
[488,489],
[489,490],
[489,491],
[489,492],
[489,493],
[489,494],
[489,495],
[489,496],
[489,497],
[489,498],
[489,499],
[489,500],
[489,501],
[489,502],
[489,503],
[489,504],
[489,505],
[488,506],
[506,507],
[506,508],
[506,509],
[506,510],
[506,511],
[506,512],
[506,513],
[506,514],
[506,515],
[506,516],
[506,517],
[506,518],
[506,519],
[506,520],
[506,521],
[506,522],
[488,523],
[523,524],
[523,525],
[523,526],
[523,527],
[523,528],
[523,529],
[523,530],
[523,531],
[523,532],
[523,533],
[523,534],
[523,535],
[523,536],
[523,537],
[523,538],
[523,539],
[488,540],
[540,541],
[540,542],
[540,543],
[540,544],
[540,545],
[540,546],
[540,547],
[540,548],
[540,549],
[540,550],
[540,551],
[540,552],
[540,553],
[540,554],
[540,555],
[540,556],
[488,557],
[557,558],
[557,559],
[557,560],
[557,561],
[557,562],
[557,563],
[557,564],
[557,565],
[557,566],
[557,567],
[557,568],
[557,569],
[557,570],
[557,571],
[557,572],
[557,573],
[488,574],
[574,575],
[574,576],
[574,577],
[574,578],
[574,579],
[574,580],
[574,581],
[574,582],
[574,583],
[574,584],
[574,585],
[574,586],
[574,587],
[574,588],
[574,589],
[574,590],
[488,591],
[591,592],
[591,593],
[591,594],
[591,595],
[591,596],
[591,597],
[591,598],
[591,599],
[591,600],
[591,601],
[591,602],
[591,603],
[591,604],
[591,605],
[591,606],
[591,607],
[488,608],
[608,609],
[608,610],
[608,611],
[608,612],
[608,613],
[608,614],
[608,615],
[608,616],
[608,617],
[488,618],
[618,619],
[618,620],
[618,621],
[618,622],
[618,623],
[618,624],
[618,625],
[618,626],
[618,627],
[618,628],
[618,629],
[618,630],
[618,631],
[618,632],
[488,633],
[633,634],
[633,635],
[633,636],
[633,637],
[633,638],
[633,639],
[633,640],
[633,641],
[633,642],
[633,643],
[633,644],
[633,645],
[633,646],
[633,647],
[633,648],
[633,649],
[0,650],
[650,651],
[650,652],
[650,653],
[650,654],
[650,655],
[650,656],
[650,657],
[650,658],
[650,659],
[650,660],
[650,661],
[650,662],
[650,663],
[650,664],
[650,665],
[650,666],
[650,667],
[650,668],
[650,669],
[650,670],
[650,671],
[650,672],
[650,673],
[650,674],
[650,675],
[650,676],
[650,677],
[650,678],
[650,679],
[650,680],
[650,681],
[650,682],
[650,683],
[650,684],
[0,685],
[685,686],
[686,687],
[686,688],
[686,689],
[686,690],
[686,691],
[686,692],
[686,693],
[686,694],
[686,695],
[686,696],
[686,697],
[686,698],
[686,699],
[686,700],
[686,701],
[686,702],
[685,703],
[703,704],
[703,705],
[703,706],
[703,707],
[703,708],
[703,709],
[703,710],
[703,711],
[703,712],
[703,713],
[703,714],
[703,715],
[703,716],
[703,717],
[703,718],
[703,719],
[685,720],
[720,721],
[720,722],
[720,723],
[720,724],
[720,725],
[720,726],
[720,727],
[720,728],
[720,729],
[720,730],
[720,731],
[720,732],
[720,733],
[720,734],
[720,735],
[720,736],
[685,737],
[737,738],
[737,739],
[737,740],
[737,741],
[737,742],
[737,743],
[737,744],
[737,745],
[737,746],
[737,747],
[737,748],
[737,749],
[737,750],
[737,751],
[737,752],
[737,753],
[685,754],
[754,755],
[754,756],
[754,757],
[754,758],
[754,759],
[754,760],
[754,761],
[754,762],
[754,763],
[754,764],
[754,765],
[754,766],
[754,767],
[754,768],
[754,769],
[754,770],
[685,771],
[771,772],
[771,773],
[771,774],
[771,775],
[771,776],
[771,777],
[771,778],
[771,779],
[771,780],
[771,781],
[771,782],
[771,783],
[771,784],
[771,785],
[771,786],
[771,787],
[685,788],
[788,789],
[788,790],
[788,791],
[788,792],
[788,793],
[788,794],
[788,795],
[788,796],
[788,797],
[788,798],
[788,799],
[788,800],
[788,801],
[788,802],
[788,803],
[788,804],
[685,805],
[805,806],
[805,807],
[805,808],
[805,809],
[805,810],
[805,811],
[805,812],
[805,813],
[805,814],
[805,815],
[805,816],
[805,817],
[805,818],
[805,819],
[805,820],
[805,821],
[685,822],
[822,823],
[822,824],
[822,825],
[822,826],
[822,827],
[822,828],
[822,829],
[822,830],
[822,831],
[822,832],
[822,833],
[822,834],
[822,835],
[822,836],
[822,837],
[822,838],
[685,839],
[839,840],
[839,841],
[839,842],
[839,843],
[839,844],
[839,845],
[839,846],
[839,847],
[839,848],
[839,849],
[839,850],
[839,851],
[839,852],
[839,853],
[839,854],
[839,855],
[0,856],
[856,857],
[856,858],
[856,859],
[856,860],
[856,861],
[856,862],
[856,863],
[856,864],
[856,865],
[856,866],
[856,867],
[856,868],
[856,869],
[856,870],
[856,871],
[856,872],
[856,873],
[856,874],
[856,875],
[856,876],
[856,877],
[856,878],
[856,879],
[856,880],
[856,881],
[856,882],
[856,883],
[856,884],
[856,885],
[856,886],
[856,887],
[856,888],
[856,889],
[856,890],
[856,891],
[856,892],
[856,893],
[856,894],
[0,895],
[895,896],
[895,897],
[895,898],
[895,899],
[895,900],
[895,901],
[895,902],
[895,903],
[895,904],
[895,905]
]