[[0,1],
[1,2],
[0,3],
[3,4],
[4,5],
[4,6],
[4,7],
[4,8],
[4,9],
[4,10],
[4,11],
[4,12],
[4,13],
[4,14],
[4,15],
[4,16],
[4,17],
[4,18],
[4,19],
[4,20],
[3,21],
[21,22],
[21,23],
[21,24],
[21,25],
[21,26],
[21,27],
[21,28],
[21,29],
[21,30],
[21,31],
[21,32],
[21,33],
[21,34],
[21,35],
[21,36],
[21,37],
[3,38],
[38,39],
[38,40],
[38,41],
[38,42],
[38,43],
[3,44],
[3,45],
[45,46],
[45,47],
[45,48],
[45,49],
[45,50],
[45,51],
[45,52],
[45,53],
[45,54],
[45,55],
[45,56],
[45,57],
[45,58],
[45,59],
[45,60],
[3,61],
[61,62],
[61,63],
[61,64],
[61,65],
[61,66],
[61,67],
[61,68],
[61,69],
[61,70],
[61,71],
[3,72],
[3,73],
[3,74],
[3,75],
[0,76],
[76,77],
[76,78],
[76,79],
[76,80],
[76,81],
[76,82],
[76,83],
[76,84],
[0,85],
[85,86],
[86,87],
[86,88],
[86,89],
[86,90],
[86,91],
[86,92],
[86,93],
[86,94],
[86,95],
[86,96],
[86,97],
[86,98],
[85,99],
[99,100],
[99,101],
[99,102],
[99,103],
[99,104],
[99,105],
[99,106],
[99,107],
[85,108],
[108,109],
[108,110],
[108,111],
[108,112],
[85,113],
[113,114],
[113,115],
[113,116],
[113,117],
[113,118],
[113,119],
[113,120],
[113,121],
[113,122],
[113,123],
[113,124],
[113,125],
[113,126],
[113,127],
[113,128],
[113,129],
[85,130],
[130,131],
[130,132],
[130,133],
[130,134],
[130,135],
[130,136],
[130,137],
[130,138],
[130,139],
[130,140],
[130,141],
[130,142],
[130,143],
[130,144],
[130,145],
[130,146],
[85,147],
[147,148],
[147,149],
[147,150],
[147,151],
[147,152],
[147,153],
[147,154],
[85,155],
[155,156],
[155,157],
[155,158],
[155,159],
[155,160],
[155,161],
[155,162],
[155,163],
[155,164],
[155,165],
[155,166],
[155,167],
[155,168],
[155,169],
[155,170],
[155,171],
[85,172],
[172,173],
[172,174],
[172,175],
[172,176],
[172,177],
[172,178],
[172,179],
[172,180],
[172,181],
[172,182],
[172,183],
[172,184],
[172,185],
[172,186],
[172,187],
[172,188],
[85,189],
[189,190],
[189,191],
[189,192],
[189,193],
[189,194],
[189,195],
[189,196],
[189,197],
[189,198],
[189,199],
[189,200],
[189,201],
[189,202],
[189,203],
[189,204],
[189,205],
[85,206],
[0,207],
[207,208],
[207,209],
[207,210],
[207,211],
[207,212],
[207,213],
[0,214],
[214,215],
[214,216],
[214,217],
[214,218],
[214,219],
[214,220],
[214,221],
[214,222],
[222,223],
[222,224],
[222,225],
[222,226],
[222,227],
[222,228],
[222,229],
[222,230],
[222,231],
[222,232],
[222,233],
[222,234],
[222,235],
[222,236],
[222,237],
[222,238],
[214,239],
[239,240],
[239,241],
[239,242],
[239,243],
[239,244],
[239,245],
[239,246],
[239,247],
[239,248],
[239,249],
[239,250],
[239,251],
[239,252],
[239,253],
[239,254],
[239,255],
[214,256],
[256,257],
[256,258],
[256,259],
[256,260],
[256,261],
[256,262],
[256,263],
[256,264],
[256,265],
[256,266],
[256,267],
[256,268],
[256,269],
[256,270],
[256,271],
[256,272],
[0,273],
[273,274],
[273,275],
[273,276],
[273,277],
[273,278],
[273,279],
[273,280],
[273,281],
[273,282],
[273,283],
[273,284],
[273,285],
[273,286],
[273,287],
[273,288],
[273,289],
[273,290],
[273,291],
[273,292],
[273,293],
[273,294],
[273,295],
[0,296],
[296,297],
[296,298],
[296,299],
[299,300],
[299,301],
[299,302],
[299,303],
[299,304],
[296,305],
[296,306],
[306,307],
[306,308],
[296,309],
[309,310],
[309,311],
[309,312],
[296,313],
[313,314],
[313,315],
[296,316],
[316,317],
[316,318],
[316,319],
[316,320],
[316,321],
[296,322],
[322,323],
[322,324],
[322,325],
[322,326],
[322,327],
[322,328],
[322,329],
[322,330],
[322,331],
[322,332],
[322,333],
[322,334],
[322,335],
[322,336],
[322,337],
[322,338],
[296,339],
[339,340],
[339,341],
[0,342],
[342,343],
[342,344],
[342,345],
[342,346],
[342,347],
[342,348],
[342,349],
[342,350],
[342,351],
[342,352],
[342,353],
[342,354],
[342,355],
[342,356],
[342,357],
[342,358],
[342,359],
[342,360],
[342,361],
[342,362],
[342,363],
[342,364],
[342,365],
[342,366],
[342,367],
[342,368],
[342,369],
[342,370],
[342,371],
[342,372],
[0,373],
[373,374],
[373,375],
[373,376],
[373,377],
[373,378],
[373,379],
[373,380],
[373,381],
[373,382],
[373,383]
]