[[0,1],
[1,2],
[0,3],
[3,4],
[4,5],
[4,6],
[4,7],
[4,8],
[4,9],
[4,10],
[4,11],
[3,12],
[12,13],
[12,14],
[12,15],
[12,16],
[12,17],
[12,18],
[12,19],
[12,20],
[12,21],
[12,22],
[12,23],
[12,24],
[12,25],
[12,26],
[12,27],
[12,28],
[3,29],
[29,30],
[29,31],
[29,32],
[29,33],
[29,34],
[29,35],
[29,36],
[3,37],
[3,38],
[38,39],
[38,40],
[3,41],
[41,42],
[41,43],
[3,44],
[44,45],
[44,46],
[44,47],
[44,48],
[44,49],
[44,50],
[3,51],
[51,52],
[51,53],
[3,54],
[54,55],
[54,56],
[54,57],
[54,58],
[54,59],
[54,60],
[3,61],
[61,62],
[61,63],
[61,64],
[61,65],
[0,66],
[66,67],
[66,68],
[66,69],
[66,70],
[66,71],
[66,72],
[66,73],
[66,74],
[66,75],
[66,76],
[66,77],
[66,78],
[66,79],
[66,80],
[66,81],
[66,82],
[66,83],
[66,84],
[66,85],
[66,86],
[66,87],
[66,88],
[66,89],
[66,90],
[66,91],
[66,92],
[66,93],
[66,94],
[66,95],
[66,96],
[66,97],
[66,98],
[66,99],
[66,100],
[66,101],
[66,102],
[66,103],
[66,104],
[66,105],
[0,106],
[106,107],
[107,108],
[107,109],
[107,110],
[107,111],
[107,112],
[107,113],
[107,114],
[107,115],
[107,116],
[107,117],
[107,118],
[107,119],
[107,120],
[107,121],
[107,122],
[107,123],
[106,124],
[124,125],
[124,126],
[106,127],
[127,128],
[127,129],
[127,130],
[127,131],
[127,132],
[127,133],
[106,134],
[134,135],
[134,136],
[134,137],
[134,138],
[134,139],
[106,140],
[140,141],
[140,142],
[140,143],
[140,144],
[140,145],
[106,146],
[146,147],
[146,148],
[146,149],
[146,150],
[146,151],
[146,152],
[106,153],
[153,154],
[153,155],
[106,156],
[156,157],
[156,158],
[106,159],
[159,160],
[159,161],
[159,162],
[106,163],
[0,164],
[164,165],
[164,166],
[164,167],
[164,168],
[164,169],
[164,170],
[164,171],
[164,172],
[164,173],
[164,174],
[164,175],
[164,176],
[164,177],
[164,178],
[164,179],
[164,180],
[164,181],
[164,182],
[164,183],
[164,184],
[164,185],
[164,186],
[164,187],
[164,188],
[164,189],
[164,190],
[164,191],
[164,192],
[164,193],
[164,194],
[164,195],
[164,196],
[164,197],
[164,198],
[164,199],
[164,200],
[0,201],
[201,202],
[202,203],
[202,204],
[202,205],
[202,206],
[202,207],
[202,208],
[202,209],
[201,210],
[210,211],
[210,212],
[210,213],
[210,214],
[201,215],
[215,216],
[215,217],
[215,218],
[215,219],
[215,220],
[215,221],
[215,222],
[215,223],
[215,224],
[215,225],
[201,226],
[226,227],
[226,228],
[226,229],
[226,230],
[201,231],
[231,232],
[231,233],
[231,234],
[231,235],
[231,236],
[231,237],
[231,238],
[201,239],
[239,240],
[239,241],
[239,242],
[239,243],
[239,244],
[201,245],
[245,246],
[245,247],
[201,248],
[248,249],
[248,250],
[248,251],
[248,252],
[248,253],
[248,254],
[248,255],
[248,256],
[248,257],
[201,258],
[258,259],
[258,260],
[258,261],
[258,262],
[201,263],
[263,264],
[263,265],
[263,266],
[263,267],
[263,268],
[263,269],
[263,270],
[263,271],
[263,272],
[263,273],
[263,274],
[263,275],
[263,276],
[263,277],
[263,278],
[263,279],
[0,280],
[280,281],
[280,282],
[280,283],
[280,284],
[280,285],
[280,286],
[280,287],
[280,288],
[280,289],
[280,290],
[280,291],
[280,292],
[280,293],
[280,294],
[280,295],
[280,296],
[280,297],
[280,298],
[280,299],
[280,300],
[280,301],
[280,302],
[280,303],
[280,304],
[280,305],
[280,306],
[280,307],
[280,308],
[0,309],
[309,310],
[310,311],
[310,312],
[310,313],
[310,314],
[310,315],
[310,316],
[310,317],
[310,318],
[310,319],
[310,320],
[310,321],
[310,322],
[310,323],
[310,324],
[310,325],
[310,326],
[309,327],
[327,328],
[327,329],
[327,330],
[327,331],
[327,332],
[327,333],
[327,334],
[327,335],
[327,336],
[327,337],
[327,338],
[327,339],
[327,340],
[327,341],
[327,342],
[327,343],
[309,344],
[344,345],
[344,346],
[344,347],
[344,348],
[344,349],
[344,350],
[344,351],
[344,352],
[344,353],
[344,354],
[309,355],
[355,356],
[355,357],
[355,358],
[355,359],
[355,360],
[355,361],
[355,362],
[355,363],
[355,364],
[355,365],
[355,366],
[355,367],
[355,368],
[355,369],
[355,370],
[355,371],
[309,372],
[372,373],
[372,374],
[372,375],
[372,376],
[372,377],
[372,378],
[372,379],
[372,380],
[372,381],
[372,382],
[372,383],
[372,384],
[372,385],
[372,386],
[309,387],
[387,388],
[387,389],
[387,390],
[387,391],
[387,392],
[387,393],
[387,394],
[387,395],
[387,396],
[387,397],
[387,398],
[387,399],
[309,400],
[400,401],
[400,402],
[400,403],
[400,404],
[400,405],
[400,406],
[400,407],
[400,408],
[400,409],
[400,410],
[400,411],
[400,412],
[400,413],
[400,414],
[400,415],
[400,416],
[309,417],
[417,418],
[417,419],
[417,420],
[417,421],
[417,422],
[417,423],
[417,424],
[417,425],
[417,426],
[417,427],
[417,428],
[417,429],
[417,430],
[417,431],
[417,432],
[417,433],
[309,434],
[434,435],
[434,436],
[434,437],
[434,438],
[434,439],
[434,440],
[434,441],
[434,442],
[434,443],
[434,444],
[434,445],
[309,446],
[446,447],
[446,448],
[446,449],
[446,450],
[446,451],
[446,452],
[446,453],
[446,454],
[446,455],
[446,456],
[446,457],
[446,458],
[446,459],
[446,460],
[446,461],
[446,462],
[0,463],
[463,464],
[463,465],
[463,466],
[463,467],
[463,468],
[463,469],
[463,470],
[463,471],
[463,472],
[463,473],
[463,474],
[463,475],
[463,476],
[463,477],
[463,478],
[463,479],
[463,480],
[463,481],
[463,482],
[463,483],
[463,484],
[463,485],
[463,486],
[463,487],
[463,488],
[463,489],
[463,490],
[463,491],
[463,492],
[463,493],
[0,494],
[494,495],
[495,496],
[495,497],
[495,498],
[495,499],
[495,500],
[495,501],
[495,502],
[495,503],
[495,504],
[495,505],
[495,506],
[495,507],
[495,508],
[495,509],
[495,510],
[495,511],
[494,512],
[512,513],
[512,514],
[512,515],
[512,516],
[512,517],
[512,518],
[512,519],
[512,520],
[512,521],
[512,522],
[512,523],
[494,524],
[524,525],
[524,526],
[524,527],
[524,528],
[524,529],
[524,530],
[524,531],
[494,532],
[532,533],
[532,534],
[532,535],
[532,536],
[532,537],
[532,538],
[532,539],
[532,540],
[532,541],
[532,542],
[532,543],
[532,544],
[532,545],
[532,546],
[532,547],
[532,548],
[494,549],
[549,550],
[549,551],
[549,552],
[549,553],
[549,554],
[549,555],
[549,556],
[549,557],
[549,558],
[549,559],
[549,560],
[549,561],
[549,562],
[549,563],
[549,564],
[549,565],
[494,566],
[566,567],
[566,568],
[566,569],
[566,570],
[566,571],
[566,572],
[566,573],
[566,574],
[566,575],
[566,576],
[566,577],
[566,578],
[566,579],
[566,580],
[566,581],
[494,582],
[582,583],
[582,584],
[582,585],
[582,586],
[582,587],
[582,588],
[582,589],
[582,590],
[582,591],
[582,592],
[582,593],
[582,594],
[582,595],
[582,596],
[582,597],
[582,598],
[494,599],
[599,600],
[599,601],
[599,602],
[599,603],
[599,604],
[599,605],
[599,606],
[599,607],
[599,608],
[599,609],
[599,610],
[599,611],
[599,612],
[599,613],
[599,614],
[599,615],
[494,616],
[616,617],
[616,618],
[616,619],
[616,620],
[616,621],
[616,622],
[616,623],
[616,624],
[616,625],
[616,626],
[616,627],
[494,628],
[628,629],
[628,630],
[628,631],
[628,632],
[628,633],
[628,634],
[628,635],
[628,636],
[628,637],
[628,638],
[628,639],
[628,640],
[628,641],
[628,642],
[628,643],
[628,644],
[0,645],
[645,646],
[645,647],
[645,648],
[645,649],
[645,650],
[645,651],
[645,652],
[645,653],
[645,654],
[645,655],
[645,656],
[645,657],
[645,658],
[645,659],
[645,660],
[645,661],
[645,662],
[645,663],
[645,664],
[645,665],
[645,666],
[645,667],
[645,668],
[645,669],
[645,670],
[645,671],
[645,672],
[645,673],
[645,674],
[645,675],
[645,676],
[645,677],
[0,678],
[678,679],
[678,680],
[678,681],
[678,682],
[678,683],
[678,684],
[678,685],
[678,686],
[678,687],
[678,688]
]