[[0,1],
[1,2],
[0,3],
[3,4],
[3,5],
[5,6],
[5,7],
[3,8],
[8,9],
[8,10],
[8,11],
[3,12],
[12,13],
[12,14],
[12,15],
[3,16],
[3,17],
[17,18],
[17,19],
[17,20],
[3,21],
[3,22],
[22,23],
[22,24],
[22,25],
[22,26],
[22,27],
[3,28],
[28,29],
[28,30],
[3,31],
[31,32],
[31,33],
[31,34],
[0,35],
[35,36],
[35,37],
[35,38],
[35,39],
[35,40],
[35,41],
[35,42],
[35,43],
[35,44],
[35,45],
[35,46],
[35,47],
[35,48],
[35,49],
[35,50],
[35,51],
[35,52],
[35,53],
[35,54],
[35,55],
[35,56],
[35,57],
[35,58],
[35,59],
[35,60],
[35,61],
[35,62],
[35,63],
[35,64],
[35,65],
[35,66],
[35,67],
[35,68],
[35,69],
[35,70],
[35,71],
[35,72],
[35,73],
[35,74],
[0,75],
[75,76],
[76,77],
[76,78],
[75,79],
[79,80],
[79,81],
[79,82],
[75,83],
[83,84],
[83,85],
[83,86],
[75,87],
[87,88],
[87,89],
[87,90],
[75,91],
[91,92],
[91,93],
[91,94],
[91,95],
[75,96],
[96,97],
[96,98],
[96,99],
[75,100],
[100,101],
[100,102],
[100,103],
[100,104],
[75,105],
[105,106],
[105,107],
[105,108],
[105,109],
[75,110],
[110,111],
[110,112],
[110,113],
[110,114],
[75,115],
[115,116],
[115,117],
[0,118],
[118,119],
[118,120],
[118,121],
[118,122],
[118,123],
[118,124],
[118,125],
[118,126],
[118,127],
[118,128],
[118,129],
[118,130],
[118,131],
[118,132],
[118,133],
[118,134],
[118,135],
[118,136],
[118,137],
[118,138],
[118,139],
[118,140],
[118,141],
[118,142],
[118,143],
[118,144],
[118,145],
[118,146],
[118,147],
[118,148],
[118,149],
[118,150],
[118,151],
[118,152],
[118,153],
[118,154],
[118,155],
[0,156],
[156,157],
[156,158],
[156,159],
[156,160],
[156,161],
[161,162],
[161,163],
[161,164],
[161,165],
[161,166],
[161,167],
[161,168],
[161,169],
[161,170],
[156,171],
[171,172],
[171,173],
[171,174],
[171,175],
[171,176],
[156,177],
[177,178],
[177,179],
[177,180],
[177,181],
[177,182],
[177,183],
[177,184],
[177,185],
[177,186],
[177,187],
[177,188],
[177,189],
[177,190],
[177,191],
[177,192],
[177,193],
[156,194],
[194,195],
[194,196],
[194,197],
[194,198],
[194,199],
[194,200],
[194,201],
[194,202],
[194,203],
[194,204],
[194,205],
[194,206],
[194,207],
[194,208],
[156,209],
[209,210],
[209,211],
[209,212],
[209,213],
[156,214],
[214,215],
[214,216],
[214,217],
[214,218],
[214,219],
[214,220],
[214,221],
[0,222],
[222,223],
[222,224],
[222,225],
[222,226],
[222,227],
[222,228],
[222,229],
[222,230],
[222,231],
[222,232],
[222,233],
[222,234],
[222,235],
[222,236],
[222,237],
[222,238],
[222,239],
[222,240],
[222,241],
[222,242],
[222,243],
[222,244],
[222,245],
[222,246],
[222,247],
[222,248],
[222,249],
[222,250],
[222,251],
[222,252],
[222,253],
[222,254],
[0,255],
[255,256],
[255,257],
[255,258],
[255,259],
[255,260],
[255,261],
[261,262],
[261,263],
[261,264],
[261,265],
[255,266],
[255,267],
[255,268],
[268,269],
[268,270],
[255,271],
[271,272],
[271,273],
[271,274],
[271,275],
[271,276],
[271,277],
[271,278],
[271,279],
[271,280],
[271,281],
[271,282],
[271,283],
[271,284],
[271,285],
[271,286],
[271,287],
[0,288],
[288,289],
[288,290],
[288,291],
[288,292],
[288,293],
[288,294],
[288,295],
[288,296],
[288,297],
[288,298],
[288,299],
[288,300],
[288,301],
[288,302],
[288,303],
[288,304],
[288,305],
[288,306],
[288,307],
[288,308],
[288,309],
[288,310],
[288,311],
[0,312],
[312,313],
[313,314],
[313,315],
[313,316],
[312,317],
[312,318],
[318,319],
[318,320],
[312,321],
[321,322],
[321,323],
[312,324],
[324,325],
[324,326],
[312,327],
[327,328],
[327,329],
[327,330],
[327,331],
[312,332],
[332,333],
[332,334],
[312,335],
[335,336],
[335,337],
[312,338],
[338,339],
[338,340],
[312,341],
[341,342],
[341,343],
[341,344],
[341,345],
[341,346],
[341,347],
[341,348],
[341,349],
[341,350],
[341,351],
[341,352],
[341,353],
[341,354],
[341,355],
[341,356],
[341,357],
[0,358],
[358,359],
[358,360],
[358,361],
[358,362],
[358,363],
[358,364],
[358,365],
[358,366],
[358,367],
[358,368],
[358,369],
[358,370],
[358,371],
[358,372],
[358,373],
[358,374],
[358,375],
[358,376],
[358,377],
[358,378],
[358,379],
[358,380],
[358,381],
[358,382],
[358,383],
[358,384],
[358,385],
[358,386],
[358,387],
[358,388],
[358,389],
[358,390],
[358,391],
[0,392],
[392,393],
[392,394],
[392,395],
[392,396],
[392,397],
[392,398],
[392,399],
[392,400],
[392,401],
[392,402]
]