[[0,1],
[1,2],
[0,3],
[3,4],
[4,5],
[4,6],
[4,7],
[4,8],
[4,9],
[4,10],
[4,11],
[4,12],
[4,13],
[4,14],
[4,15],
[4,16],
[4,17],
[4,18],
[4,19],
[4,20],
[3,21],
[21,22],
[21,23],
[21,24],
[21,25],
[21,26],
[21,27],
[21,28],
[21,29],
[21,30],
[21,31],
[21,32],
[21,33],
[3,34],
[34,35],
[34,36],
[34,37],
[34,38],
[34,39],
[34,40],
[34,41],
[34,42],
[34,43],
[34,44],
[34,45],
[34,46],
[34,47],
[34,48],
[34,49],
[34,50],
[3,51],
[51,52],
[51,53],
[51,54],
[51,55],
[51,56],
[51,57],
[51,58],
[51,59],
[51,60],
[51,61],
[51,62],
[3,63],
[63,64],
[63,65],
[63,66],
[63,67],
[63,68],
[63,69],
[63,70],
[63,71],
[63,72],
[63,73],
[63,74],
[63,75],
[63,76],
[63,77],
[63,78],
[63,79],
[3,80],
[80,81],
[80,82],
[80,83],
[80,84],
[80,85],
[3,86],
[86,87],
[86,88],
[86,89],
[86,90],
[86,91],
[3,92],
[3,93],
[3,94],
[0,95],
[95,96],
[95,97],
[95,98],
[95,99],
[95,100],
[95,101],
[95,102],
[0,103],
[103,104],
[104,105],
[104,106],
[104,107],
[104,108],
[104,109],
[104,110],
[104,111],
[104,112],
[104,113],
[104,114],
[104,115],
[104,116],
[104,117],
[104,118],
[104,119],
[104,120],
[103,121],
[121,122],
[121,123],
[121,124],
[121,125],
[121,126],
[121,127],
[121,128],
[121,129],
[121,130],
[121,131],
[121,132],
[121,133],
[121,134],
[121,135],
[121,136],
[121,137],
[103,138],
[138,139],
[138,140],
[138,141],
[138,142],
[138,143],
[138,144],
[138,145],
[138,146],
[138,147],
[138,148],
[138,149],
[138,150],
[138,151],
[138,152],
[138,153],
[138,154],
[103,155],
[103,156],
[103,157],
[103,158],
[103,159],
[103,160],
[103,161],
[0,162],
[162,163],
[162,164],
[162,165],
[162,166],
[162,167],
[162,168],
[0,169],
[169,170],
[169,171],
[169,172],
[169,173],
[173,174],
[173,175],
[173,176],
[173,177],
[173,178],
[173,179],
[173,180],
[173,181],
[173,182],
[173,183],
[173,184],
[173,185],
[173,186],
[173,187],
[173,188],
[173,189],
[169,190],
[190,191],
[190,192],
[190,193],
[190,194],
[190,195],
[190,196],
[190,197],
[190,198],
[190,199],
[190,200],
[190,201],
[190,202],
[190,203],
[190,204],
[190,205],
[190,206],
[169,207],
[169,208],
[169,209],
[169,210],
[169,211],
[0,212],
[212,213],
[212,214],
[212,215],
[212,216],
[212,217],
[212,218],
[212,219],
[212,220],
[212,221],
[212,222],
[212,223],
[212,224],
[212,225],
[212,226],
[212,227],
[212,228],
[212,229],
[212,230],
[212,231],
[212,232],
[212,233],
[212,234],
[212,235],
[212,236],
[212,237],
[212,238],
[212,239],
[0,240],
[240,241],
[240,242],
[240,243],
[240,244],
[240,245],
[240,246],
[246,247],
[246,248],
[246,249],
[246,250],
[246,251],
[246,252],
[246,253],
[246,254],
[246,255],
[246,256],
[246,257],
[246,258],
[246,259],
[246,260],
[246,261],
[246,262],
[240,263],
[263,264],
[263,265],
[263,266],
[263,267],
[263,268],
[263,269],
[263,270],
[263,271],
[263,272],
[263,273],
[263,274],
[263,275],
[263,276],
[263,277],
[263,278],
[263,279],
[240,280],
[280,281],
[280,282],
[280,283],
[280,284],
[280,285],
[280,286],
[280,287],
[280,288],
[280,289],
[280,290],
[280,291],
[280,292],
[280,293],
[280,294],
[280,295],
[280,296],
[240,297],
[297,298],
[297,299],
[297,300],
[297,301],
[297,302],
[297,303],
[297,304],
[297,305],
[297,306],
[297,307],
[297,308],
[297,309],
[297,310],
[297,311],
[297,312],
[297,313],
[240,314],
[314,315],
[314,316],
[314,317],
[314,318],
[314,319],
[314,320],
[314,321],
[314,322],
[314,323],
[314,324],
[314,325],
[314,326],
[314,327],
[314,328],
[314,329],
[314,330],
[0,331],
[331,332],
[331,333],
[331,334],
[331,335],
[331,336],
[331,337],
[331,338],
[331,339],
[331,340],
[331,341],
[331,342],
[331,343],
[331,344],
[331,345],
[331,346],
[331,347],
[331,348],
[331,349],
[331,350],
[331,351],
[331,352],
[331,353],
[331,354],
[331,355],
[331,356],
[331,357],
[0,358],
[358,359],
[358,360],
[358,361],
[358,362],
[358,363],
[358,364],
[358,365],
[358,366],
[358,367],
[358,368]
]