[[0,1],
[1,2],
[0,3],
[3,4],
[4,5],
[4,6],
[4,7],
[4,8],
[4,9],
[4,10],
[4,11],
[4,12],
[4,13],
[4,14],
[4,15],
[4,16],
[4,17],
[3,18],
[18,19],
[18,20],
[18,21],
[18,22],
[18,23],
[18,24],
[18,25],
[18,26],
[18,27],
[18,28],
[3,29],
[29,30],
[29,31],
[29,32],
[29,33],
[29,34],
[29,35],
[29,36],
[29,37],
[3,38],
[38,39],
[38,40],
[38,41],
[3,42],
[42,43],
[42,44],
[42,45],
[42,46],
[42,47],
[42,48],
[42,49],
[42,50],
[42,51],
[42,52],
[42,53],
[42,54],
[42,55],
[42,56],
[3,57],
[57,58],
[57,59],
[57,60],
[57,61],
[3,62],
[62,63],
[62,64],
[62,65],
[62,66],
[62,67],
[62,68],
[62,69],
[62,70],
[62,71],
[62,72],
[3,73],
[73,74],
[73,75],
[73,76],
[73,77],
[73,78],
[73,79],
[73,80],
[73,81],
[73,82],
[73,83],
[73,84],
[73,85],
[3,86],
[86,87],
[86,88],
[86,89],
[86,90],
[3,91],
[91,92],
[91,93],
[91,94],
[91,95],
[91,96],
[91,97],
[91,98],
[91,99],
[91,100],
[91,101],
[91,102],
[91,103],
[91,104],
[91,105],
[91,106],
[91,107],
[0,108],
[108,109],
[108,110],
[108,111],
[108,112],
[108,113],
[108,114],
[108,115],
[108,116],
[108,117],
[108,118],
[108,119],
[108,120],
[108,121],
[108,122],
[108,123],
[108,124],
[108,125],
[108,126],
[108,127],
[108,128],
[108,129],
[108,130],
[108,131],
[108,132],
[108,133],
[108,134],
[108,135],
[108,136],
[108,137],
[108,138],
[0,139],
[139,140],
[139,141],
[139,142],
[139,143],
[139,144],
[139,145],
[145,146],
[145,147],
[145,148],
[145,149],
[139,150],
[150,151],
[150,152],
[139,153],
[153,154],
[153,155],
[139,156],
[156,157],
[156,158],
[139,159],
[159,160],
[159,161],
[159,162],
[159,163],
[159,164],
[159,165],
[159,166],
[159,167],
[159,168],
[159,169],
[159,170],
[159,171],
[159,172],
[159,173],
[159,174],
[159,175],
[0,176],
[176,177],
[176,178],
[176,179],
[176,180],
[176,181],
[176,182],
[176,183],
[176,184],
[176,185],
[176,186],
[176,187],
[176,188],
[176,189],
[176,190],
[176,191],
[176,192],
[176,193],
[176,194],
[176,195],
[176,196],
[176,197],
[176,198],
[176,199],
[176,200],
[176,201],
[176,202],
[176,203],
[176,204],
[176,205],
[0,206],
[206,207],
[206,208],
[208,209],
[208,210],
[208,211],
[208,212],
[208,213],
[208,214],
[208,215],
[208,216],
[206,217],
[217,218],
[217,219],
[217,220],
[217,221],
[217,222],
[206,223],
[206,224],
[206,225],
[206,226],
[226,227],
[226,228],
[206,229],
[229,230],
[229,231],
[206,232],
[232,233],
[232,234],
[232,235],
[232,236],
[206,237],
[237,238],
[237,239],
[237,240],
[237,241],
[237,242],
[237,243],
[237,244],
[237,245],
[237,246],
[237,247],
[237,248],
[237,249],
[237,250],
[237,251],
[237,252],
[237,253],
[0,254],
[254,255],
[254,256],
[254,257],
[254,258],
[254,259],
[254,260],
[254,261],
[254,262],
[254,263],
[254,264],
[254,265],
[254,266],
[254,267],
[254,268],
[254,269],
[254,270],
[254,271],
[254,272],
[254,273],
[254,274],
[254,275],
[254,276],
[254,277],
[254,278],
[254,279],
[254,280],
[254,281],
[254,282],
[0,283],
[283,284],
[284,285],
[284,286],
[284,287],
[284,288],
[284,289],
[284,290],
[284,291],
[284,292],
[283,293],
[293,294],
[293,295],
[293,296],
[293,297],
[293,298],
[293,299],
[283,300],
[300,301],
[300,302],
[283,303],
[303,304],
[303,305],
[303,306],
[303,307],
[303,308],
[303,309],
[283,310],
[310,311],
[310,312],
[310,313],
[310,314],
[310,315],
[310,316],
[283,317],
[317,318],
[317,319],
[317,320],
[317,321],
[317,322],
[317,323],
[317,324],
[317,325],
[317,326],
[317,327],
[317,328],
[317,329],
[317,330],
[317,331],
[317,332],
[317,333],
[283,334],
[334,335],
[334,336],
[334,337],
[334,338],
[334,339],
[334,340],
[334,341],
[283,342],
[342,343],
[342,344],
[342,345],
[342,346],
[342,347],
[342,348],
[342,349],
[342,350],
[283,351],
[351,352],
[351,353],
[351,354],
[351,355],
[351,356],
[351,357],
[351,358],
[351,359],
[351,360],
[351,361],
[351,362],
[351,363],
[351,364],
[351,365],
[283,366],
[366,367],
[366,368],
[366,369],
[366,370],
[366,371],
[366,372],
[366,373],
[366,374],
[366,375],
[366,376],
[366,377],
[366,378],
[366,379],
[366,380],
[366,381],
[366,382],
[0,383],
[383,384],
[383,385],
[383,386],
[383,387],
[383,388],
[383,389],
[383,390],
[383,391],
[383,392],
[383,393],
[383,394],
[383,395],
[383,396],
[383,397],
[383,398],
[383,399],
[383,400],
[383,401],
[383,402],
[383,403],
[383,404],
[383,405],
[383,406],
[383,407],
[383,408],
[383,409],
[383,410],
[383,411],
[383,412],
[383,413],
[383,414],
[383,415],
[383,416],
[383,417],
[383,418],
[383,419],
[383,420],
[0,421],
[421,422],
[422,423],
[422,424],
[422,425],
[422,426],
[422,427],
[422,428],
[422,429],
[422,430],
[422,431],
[422,432],
[422,433],
[422,434],
[421,435],
[435,436],
[435,437],
[435,438],
[435,439],
[435,440],
[435,441],
[435,442],
[435,443],
[435,444],
[421,445],
[445,446],
[445,447],
[445,448],
[445,449],
[445,450],
[445,451],
[445,452],
[421,453],
[453,454],
[453,455],
[453,456],
[453,457],
[453,458],
[453,459],
[453,460],
[453,461],
[453,462],
[421,463],
[463,464],
[463,465],
[463,466],
[463,467],
[421,468],
[468,469],
[468,470],
[468,471],
[468,472],
[468,473],
[468,474],
[468,475],
[421,476],
[476,477],
[476,478],
[476,479],
[476,480],
[476,481],
[476,482],
[476,483],
[476,484],
[476,485],
[476,486],
[421,487],
[487,488],
[487,489],
[487,490],
[487,491],
[487,492],
[487,493],
[487,494],
[487,495],
[487,496],
[487,497],
[487,498],
[487,499],
[421,500],
[500,501],
[500,502],
[500,503],
[500,504],
[500,505],
[500,506],
[500,507],
[500,508],
[500,509],
[500,510],
[500,511],
[500,512],
[500,513],
[500,514],
[500,515],
[421,516],
[516,517],
[516,518],
[516,519],
[516,520],
[516,521],
[516,522],
[516,523],
[516,524],
[516,525],
[516,526],
[516,527],
[516,528],
[516,529],
[516,530],
[516,531],
[516,532],
[0,533],
[533,534],
[533,535],
[533,536],
[533,537],
[533,538],
[533,539],
[533,540],
[533,541],
[533,542],
[533,543],
[533,544],
[533,545],
[533,546],
[533,547],
[533,548],
[533,549],
[533,550],
[533,551],
[533,552],
[533,553],
[533,554],
[533,555],
[533,556],
[533,557],
[533,558],
[533,559],
[533,560],
[533,561],
[533,562],
[533,563],
[0,564],
[564,565],
[564,566],
[564,567],
[564,568],
[564,569],
[564,570],
[564,571],
[564,572],
[564,573],
[564,574]
]