[[0,1],
[1,2],
[0,3],
[3,4],
[4,5],
[4,6],
[4,7],
[4,8],
[4,9],
[4,10],
[4,11],
[4,12],
[4,13],
[4,14],
[4,15],
[4,16],
[4,17],
[4,18],
[3,19],
[19,20],
[19,21],
[19,22],
[19,23],
[19,24],
[19,25],
[19,26],
[19,27],
[19,28],
[19,29],
[19,30],
[19,31],
[19,32],
[19,33],
[19,34],
[19,35],
[3,36],
[36,37],
[36,38],
[36,39],
[36,40],
[36,41],
[36,42],
[36,43],
[36,44],
[36,45],
[36,46],
[36,47],
[36,48],
[36,49],
[36,50],
[36,51],
[36,52],
[3,53],
[53,54],
[53,55],
[53,56],
[53,57],
[53,58],
[53,59],
[53,60],
[53,61],
[3,62],
[62,63],
[62,64],
[62,65],
[3,66],
[66,67],
[66,68],
[66,69],
[66,70],
[66,71],
[3,72],
[72,73],
[72,74],
[72,75],
[72,76],
[72,77],
[72,78],
[72,79],
[72,80],
[72,81],
[3,82],
[82,83],
[82,84],
[82,85],
[82,86],
[82,87],
[82,88],
[82,89],
[82,90],
[82,91],
[82,92],
[3,93],
[93,94],
[93,95],
[93,96],
[3,97],
[97,98],
[97,99],
[97,100],
[97,101],
[97,102],
[97,103],
[0,104],
[104,105],
[104,106],
[104,107],
[104,108],
[104,109],
[104,110],
[104,111],
[0,112],
[112,113],
[113,114],
[113,115],
[113,116],
[113,117],
[113,118],
[113,119],
[113,120],
[113,121],
[112,122],
[122,123],
[122,124],
[122,125],
[122,126],
[122,127],
[122,128],
[122,129],
[122,130],
[112,131],
[131,132],
[131,133],
[131,134],
[131,135],
[131,136],
[131,137],
[131,138],
[131,139],
[131,140],
[131,141],
[131,142],
[131,143],
[131,144],
[131,145],
[131,146],
[131,147],
[112,148],
[148,149],
[148,150],
[148,151],
[148,152],
[148,153],
[148,154],
[148,155],
[148,156],
[148,157],
[148,158],
[148,159],
[148,160],
[148,161],
[148,162],
[148,163],
[148,164],
[112,165],
[165,166],
[165,167],
[165,168],
[165,169],
[165,170],
[165,171],
[165,172],
[165,173],
[165,174],
[165,175],
[165,176],
[165,177],
[165,178],
[112,179],
[112,180],
[180,181],
[180,182],
[180,183],
[180,184],
[180,185],
[180,186],
[180,187],
[180,188],
[180,189],
[180,190],
[180,191],
[180,192],
[180,193],
[180,194],
[180,195],
[180,196],
[112,197],
[112,198],
[112,199],
[0,200],
[200,201],
[200,202],
[200,203],
[200,204],
[200,205],
[200,206],
[200,207],
[0,208],
[208,209],
[208,210],
[210,211],
[210,212],
[210,213],
[208,214],
[208,215],
[208,216],
[216,217],
[216,218],
[208,219],
[219,220],
[219,221],
[219,222],
[208,223],
[223,224],
[223,225],
[223,226],
[223,227],
[223,228],
[223,229],
[208,230],
[230,231],
[230,232],
[230,233],
[230,234],
[208,235],
[235,236],
[235,237],
[235,238],
[235,239],
[235,240],
[208,241],
[241,242],
[241,243],
[241,244],
[241,245],
[241,246],
[241,247],
[241,248],
[241,249],
[241,250],
[241,251],
[241,252],
[241,253],
[241,254],
[241,255],
[241,256],
[241,257],
[0,258],
[258,259],
[258,260],
[258,261],
[258,262],
[258,263],
[258,264],
[258,265],
[258,266],
[258,267],
[258,268],
[258,269],
[258,270],
[258,271],
[258,272],
[258,273],
[258,274],
[258,275],
[258,276],
[258,277],
[258,278],
[258,279],
[258,280],
[258,281],
[258,282],
[258,283],
[258,284],
[258,285],
[258,286],
[258,287],
[258,288],
[258,289],
[258,290],
[258,291],
[258,292],
[0,293],
[293,294],
[293,295],
[295,296],
[295,297],
[295,298],
[295,299],
[295,300],
[293,301],
[301,302],
[301,303],
[301,304],
[301,305],
[301,306],
[301,307],
[301,308],
[293,309],
[309,310],
[309,311],
[293,312],
[312,313],
[312,314],
[293,315],
[315,316],
[315,317],
[315,318],
[315,319],
[315,320],
[315,321],
[315,322],
[293,323],
[323,324],
[323,325],
[323,326],
[323,327],
[323,328],
[323,329],
[293,330],
[330,331],
[330,332],
[330,333],
[330,334],
[293,335],
[335,336],
[335,337],
[335,338],
[335,339],
[335,340],
[335,341],
[335,342],
[335,343],
[335,344],
[335,345],
[335,346],
[293,347],
[347,348],
[347,349],
[347,350],
[347,351],
[347,352],
[347,353],
[347,354],
[347,355],
[347,356],
[347,357],
[347,358],
[347,359],
[347,360],
[347,361],
[347,362],
[347,363],
[0,364],
[364,365],
[364,366],
[364,367],
[364,368],
[364,369],
[364,370],
[364,371],
[364,372],
[364,373],
[364,374],
[364,375],
[364,376],
[364,377],
[364,378],
[364,379],
[364,380],
[364,381],
[364,382],
[364,383],
[364,384],
[364,385],
[364,386],
[364,387],
[364,388],
[364,389],
[364,390],
[364,391],
[364,392],
[364,393],
[364,394],
[0,395],
[395,396],
[395,397],
[395,398],
[395,399],
[395,400],
[395,401],
[395,402],
[395,403],
[395,404],
[395,405]
]